34 100.0
35 94.578692033
33 69.1669599026
36 62.7269213685
32 32.2573015754
37 28.4973435706
31 10.409395857
38 9.24760459871
39 5.14210887611
40 3.84937093676
30 2.33742709962
41 1.74557117558
29 1.01930742473
45 1.00488598409
46 0.64088882223
44 0.628197954463
24 0.458024954861
25 0.376688029627
23 0.238819057069
43 0.209399318154
42 0.202477026645
26 0.202477026645
20 0.162673850467
47 0.141330118314
27 0.120563243786
21 0.111910379399
19 0.0813369252335
22 0.0674923422152
50 0.0628774812089
49 0.0611469083315
28 0.0559551896996
48 0.0282660236627
51 0.0236511626565
57 0.00865286438654
56 0.00519171863192
58 0.00403800338039
52 0.00173057287731
55 0.000576857625769
53 0.000576857625769
99 0.0
98 0.0
97 0.0
96 0.0
95 0.0
94 0.0
93 0.0
92 0.0
91 0.0
90 0.0
89 0.0
88 0.0
87 0.0
86 0.0
85 0.0
84 0.0
83 0.0
82 0.0
81 0.0
80 0.0
79 0.0
78 0.0
77 0.0
76 0.0
75 0.0
74 0.0
73 0.0
72 0.0
71 0.0
70 0.0
69 0.0
68 0.0
67 0.0
66 0.0
65 0.0
64 0.0
63 0.0
62 0.0
61 0.0
60 0.0
59 0.0
54 0.0
18 0.0
17 0.0
16 0.0
15 0.0
14 0.0
13 0.0
12 0.0
11 0.0
10 0.0
9 0.0
8 0.0
7 0.0
6 0.0
5 0.0
4 0.0
3 0.0
2 0.0
1 0.0
0 0.0
