24 100.0
25 77.8095534871
23 72.6161516656
26 45.0920769586
22 25.3925333226
27 23.7600771999
28 10.6280533162
21 4.65109265998
29 3.93236967492
20 1.71538569792
30 1.14040730987
31 0.796123921916
19 0.784564041736
32 0.628254357573
33 0.542811764943
34 0.512152952293
35 0.321163627591
37 0.131682113347
36 0.105044128586
18 0.0909712309764
38 0.0894634205183
3 0.0763957298808
17 0.0552863834664
2 0.0472447276894
40 0.0397056753986
39 0.0371926579683
4 0.035182244024
43 0.0311614161356
16 0.0236223638447
41 0.0190989324702
44 0.0185963289841
42 0.0145755010957
1 0.00603124183269
45 0.00201041394424
15 0.000502603486057
99 0.0
98 0.0
97 0.0
96 0.0
95 0.0
94 0.0
93 0.0
92 0.0
91 0.0
90 0.0
89 0.0
88 0.0
87 0.0
86 0.0
85 0.0
84 0.0
83 0.0
82 0.0
81 0.0
80 0.0
79 0.0
78 0.0
77 0.0
76 0.0
75 0.0
74 0.0
73 0.0
72 0.0
71 0.0
70 0.0
69 0.0
68 0.0
67 0.0
66 0.0
65 0.0
64 0.0
63 0.0
62 0.0
61 0.0
60 0.0
59 0.0
58 0.0
57 0.0
56 0.0
55 0.0
54 0.0
53 0.0
52 0.0
51 0.0
50 0.0
49 0.0
48 0.0
47 0.0
46 0.0
14 0.0
13 0.0
12 0.0
11 0.0
10 0.0
9 0.0
8 0.0
7 0.0
6 0.0
5 0.0
0 0.0
