32,12
36,33
36,29
25,14
35,1
36,4
35,0
33,20
35,98
34,7
34,10
34,1
35,8
35,0
32,10
32,6
34,2
35,7
34,1
40,1
35,7
32,10
33,1
38,4
38,1
40,0
35,0
35,0
36,0
34,414
36,2
35,6
44,2
34,1
35,2
35,0
34,49
34,2
34,8
35,1
34,6
36,1
35,2
36,1
36,8
33,68
34,127
32,10
33,1
38,1
34,0
35,7
34,3
36,1
35,15
34,1
35,1
33,48
35,13
34,0
36,2
36,0
34,3
36,1
37,1
35,62
35,4
34,431
34,4
39,5
34,4
34,1
36,3
34,17
34,0
34,0
34,47
35,5
36,1
35,99
34,54
34,0
36,11
36,1
34,1
35,2
35,16
35,9
36,0
35,1
34,41
38,211
34,1
36,8
34,1
38,1
35,4
34,18
33,4
33,1
35,1
34,1
39,0
37,746
36,6
34,5
35,1
34,2
36,32
33,23
34,47
34,27
35,0
33,78
36,3
33,12
34,10
34,25
32,0
33,1
31,1
30,0
34,1
34,3
34,1
30,7
34,1
34,1
35,13
34,93
33,1
33,104
35,1
34,0
35,1
34,2
36,4
35,40
33,554
32,3
32,200
34,1
33,0
38,1
36,65
34,2
36,5
34,1
36,37
36,8
39,0
34,85
33,27
34,4
34,2
30,12
35,5
34,1
36,0
34,1
36,14
35,6
34,41
35,7
35,11
35,1
34,328
35,1
32,0
34,0
34,2
33,38
36,2
33,0
35,7
33,14
36,1
36,0
33,2
36,1
36,0
36,6
35,2
34,53
34,1
33,55
35,6
36,1
37,1
32,1
32,1
37,1
34,6
33,1
32,0
34,3
38,4
34,35
36,8
33,3
34,43
35,23
35,125
32,2
34,0
35,2
33,0
33,0
40,1
35,0
37,0
32,30
38,1
36,0
33,26
35,0
34,8
36,9
36,19
35,2
35,5
33,326
35,21
34,1
34,108
27,1
32,0
32,0
34,2
35,77
35,0
34,3
32,0
36,1
34,4
36,0
37,42
37,124
35,0
38,4
35,2
33,15
36,0
40,6
34,0
34,21
33,190
34,1
35,0
37,1
32,1
34,0
34,1
33,1
36,2
35,13
34,1
36,0
34,21
35,102
34,243
34,1
40,1005
36,1
36,0
35,1
35,4
34,1
33,1
37,0
33,8
32,231
35,1
34,2
33,4
38,21
32,50
36,17
33,26
34,18
34,1
34,1
33,38
35,1
35,35
34,283
35,1
35,4
33,302
38,16
36,2
33,0
33,1
34,1
35,0
36,95
32,156
37,34
36,16
35,2
32,0
36,1
36,2
35,4
36,2
33,8
41,1
34,1
36,0
35,1
36,2
35,0
28,0
34,374
35,19
34,1
35,2
38,1
34,2
34,2
34,0
35,8
34,16
34,2
35,1
35,114
36,0
37,517
33,109
38,2
34,1
24,7
36,30
38,7
34,19
34,6
35,5
35,1
32,1
35,4
34,2
34,0
32,30
34,0
34,0
34,47
36,7
36,35
36,0
35,12
34,1
32,28
34,2
34,0
36,26
30,16
34,1
35,2
36,5
34,36
43,1
34,2
38,0
35,7
32,10
35,8
35,13
34,2
34,1
34,56
36,0
35,0
33,1
36,713
34,2
35,4
34,10
38,0
36,1
38,0
38,11
37,94
35,0
36,1
34,0
34,1
33,2
34,5
34,519
35,0
33,1
34,0
34,1
35,13
34,7
34,129
34,110
33,99
37,0
48,4
38,0
35,1
35,1
32,9
36,58
33,1
35,0
37,1
36,20
33,1
35,69
35,0
37,10
33,2
34,2
34,196
34,0
34,5
35,0
33,14
32,102
34,62
36,2
33,2
36,4
33,419
34,24
32,0
34,26
36,6
39,10
34,0
35,1
36,1
35,1
34,0
34,1
37,14
34,97
33,11
35,15
36,7
42,42
35,1
36,21
34,3
36,3
36,0
34,1
35,36
33,1
35,9
35,4
36,271
34,0
37,0
35,5
33,8
35,2
36,6
32,18
36,0
35,1
34,1
36,0
47,0
33,0
33,1
35,8
35,1
35,1
35,1
34,0
34,1
47,0
35,24
35,67
36,1
34,0
36,1
36,0
36,14
35,7
37,5
32,12
34,1
33,333
36,78
36,2
34,689
33,2
37,32
36,2
40,1
33,1
36,0
37,5
36,13
33,1
34,0
34,1
33,4
32,1
32,1
36,0
36,290
36,5
36,0
33,3
33,71
35,1
38,83
35,1
35,69
32,2
36,0
34,0
38,2
33,27
33,0
32,166
36,18
36,1
36,54
35,4
36,0
36,154
36,5
34,0
33,4
34,1
36,0
35,1
34,1
35,28
33,7
35,29
36,12
33,5
36,47
38,1
34,1
36,1
34,5
32,3
36,0
34,32
35,1
35,1
34,1
36,1
33,1
34,0
34,6
32,4
34,1
36,1
36,9
36,0
33,1
35,2
32,2
36,19
90,0
34,0
36,2
36,1
34,3
35,1
34,4
34,6
35,2
37,149
35,9
36,6
34,4
35,143
35,1
35,0
36,8
34,1
31,7
34,2
35,3
34,29
34,0
44,0
36,2
36,107
37,1
34,1
37,1
34,0
34,0
35,1
34,7
33,562
36,4
35,102
35,1
33,1
35,1
34,17
33,1
34,2
36,0
33,0
34,0
34,36
33,0
33,1
34,0
36,350
36,3
38,0
34,246
30,1
36,8
34,54
34,1
34,1
32,33
36,1
35,1
33,0
36,0
34,1
35,2
35,12
38,314
34,13
35,2
34,0
35,2
34,4
36,2
35,141
34,1
37,6
35,12
34,0
34,2
35,7
33,433
37,0
35,0
34,2
35,2
36,0
34,1
34,2
42,20
34,0
32,1
36,0
36,1
33,4
33,3
36,18
36,1
33,1
35,31
35,11
36,4
39,95
34,13
34,7
33,0
36,114
34,1
34,3
30,274
33,5
34,13
35,1
34,0
35,16
32,4
33,179
34,0
33,0
35,129
34,1
35,1
35,2
35,7
26,0
36,0
37,16
36,0
38,0
36,0
37,11
36,10
34,7
33,21
32,0
36,1
34,2
34,19
36,74
36,1
34,0
34,1
36,28
35,0
35,8
35,2
32,60
35,1
35,0
34,9
36,0
34,1
35,29
32,11
34,1
33,2
36,1
37,1
36,13
32,0
34,1
34,52
33,27
32,6
34,0
34,0
33,1
36,18
35,157
36,0
34,29
35,0
33,1
34,0
30,0
33,171
34,161
36,0
35,8
35,23
33,1
33,80
33,3
34,10
30,16
32,1
35,18
36,2
35,0
34,6
36,2
32,67
35,0
34,1
34,14
36,2
36,0
34,1
34,99
35,2
35,194
34,1
32,0
36,0
32,789
35,43
36,0
35,1
36,50
33,0
34,2
35,77
37,0
38,2
36,9
36,17
36,21
38,105
35,2
36,9
33,0
36,1
35,0
34,23
35,1
38,2
32,16
34,0
34,1
35,0
33,1
30,33
36,3
38,11
36,17
34,0
37,0
37,1
32,1
36,0
35,3
34,0
36,13
38,0
36,0
36,7
34,16
34,7
37,0
35,1
35,0
34,7
34,37
36,24
36,1
34,4
34,1
34,11
34,2
37,15
34,1
34,135
33,0
33,1
34,2
32,17
35,60
37,62
31,0
34,3
37,2
35,21
25,45
33,1
35,0
33,0
35,4
34,10
35,1
35,5
34,1
34,0
36,5
35,33
34,19
35,5
34,4
34,1
36,1
35,9
30,36
34,0
36,5
34,2
34,0
36,406
37,5
35,4
35,1
36,4
33,5
35,21
34,11
34,1
33,0
35,1
27,0
32,152
33,2
34,24
33,18
35,8
35,6
35,16
41,1
35,9
34,28
35,5
37,1
35,3
34,58
34,22
34,47
34,3
35,57
31,3
30,37
34,9
34,7
34,1
35,14
31,0
34,2
34,6
30,367
33,1
36,4
36,1
46,0
32,2
34,5
35,1
34,14
24,66
36,0
34,10
35,2
36,4
33,0
34,1
36,0
35,7
35,0
34,0
35,8
33,48
32,1
34,230
36,24
34,3
34,0
34,0
34,0
33,12
34,2
34,10
35,1
36,3
35,26
33,6
37,1
33,12
32,8
35,2
35,0
36,40
36,1
34,0
34,53
35,1
37,1
36,0
35,27
34,1
34,353
35,72
38,1
34,15
35,3
36,8
35,10
36,0
35,1
34,4
34,3
36,19
35,1
32,0
32,0
34,2
35,3
34,10
39,2
36,7
34,10
35,162
34,5
32,1
35,1
33,1
34,30
34,0
35,0
35,3
34,1
36,4
33,1
36,15
34,9
35,6
38,724
28,19
34,59
34,2
34,6
34,2
34,8
34,3
34,8
34,0
38,12
34,177
35,1
34,47
32,138
32,4
34,1
33,23
33,1
33,1
36,2
33,2
38,10
33,7
36,25
36,5
34,0
34,0
30,13
36,1
33,0
35,20
34,0
44,1
36,3
34,3
36,12
36,37
36,1406
35,0
31,0
34,4
35,3
35,1
34,144
30,2
34,4
34,28
35,7
34,0
34,9
34,0
34,29
35,5
33,1
35,13
33,1
34,1047
36,2
34,0
30,0
38,3
34,0
35,7
32,22
35,10
35,2
33,1
35,7
33,4
36,0
35,1
36,5
34,5
50,0
35,0
35,11
38,16
35,6
35,9
34,0
37,0
35,1
36,0
33,12
34,5
37,10
36,0
33,1
35,0
30,0
28,2
34,1
35,18
35,41
36,1
35,381
31,1
38,0
34,53
35,18
27,12
36,0
34,2
34,15
33,1
32,0
34,23
34,2
35,0
33,94
36,3
34,0
32,0
33,0
34,0
33,0
34,1
32,15
35,0
36,72
34,1
35,0
36,1
37,0
38,1
34,30
34,2
34,1
31,2
30,25
35,164
33,1
36,783
34,12
35,0
38,0
33,29
36,1
32,78
35,1
34,3
35,4
35,0
34,45
33,2
36,0
36,27
33,0
34,7
36,0
34,1
39,1
35,6
36,5
35,111
36,0
34,1
26,0
37,0
38,0
35,16
37,3
36,1
33,0
35,0
32,38
36,0
34,22
34,0
36,16
32,1
34,2
33,1
36,0
35,5
38,11
32,2
36,0
33,23
38,25
36,16
35,1
34,194
35,31
38,0
36,1
36,20
34,19
34,5
35,1
33,1
34,1
36,1
36,0
33,1
34,198
36,0
34,18
35,0
34,18
35,131
33,1
33,1
37,48
35,2
34,10
34,133
37,0
35,2
35,0
32,1
33,40
35,1
34,112
34,13
35,18
36,2
35,1
36,1
34,1
37,0
31,1
36,1
32,42
32,1
34,9
26,94
35,0
38,3
32,2
34,4
34,14
35,1
34,35
34,5
35,9
34,9
36,6
34,16
34,2
35,1
32,104
32,2
35,3
36,5
35,11
34,0
33,52
42,0
35,2
36,2
42,1
34,0
34,2
34,0
34,6
35,3
36,0
35,0
35,0
35,0
35,195
35,1
37,15
36,0
35,1
34,11
36,23
35,0
35,0
36,1
35,1
34,0
29,0
34,1
34,1
37,7
35,2
34,0
36,17
35,72
36,1
28,1
34,0
38,0
33,1
34,1
35,1
32,0
34,1
37,3
32,1
38,1
33,18
32,1
35,5
34,0
36,80
34,1
30,1
33,10
36,11
36,1
36,32
34,20
35,1
34,1
35,3
33,0
34,1
35,27
32,8
36,2
34,1
34,5
38,0
38,17
38,0
46,172
35,2
32,26
35,0
38,0
36,1
34,2
35,88
34,15
34,6
35,1
34,26
36,1
34,237
33,0
34,0
34,2
34,66
36,91
36,122
36,7
34,1
34,71
33,56
34,0
33,0
33,2
35,1
34,16
34,70
34,0
36,10
33,14
35,28
36,4
36,0
35,1
36,42
38,1
35,1
36,0
33,24
34,1
38,1
36,25
35,2
35,41
34,9
34,2
31,29
34,0
39,13
35,1
34,0
36,1
33,0
33,0
34,0
34,1
32,34
35,10
37,4
37,17
36,1
38,1
37,9
33,0
35,13
33,1
,0
38,0
34,1
38,4
33,0
34,1
39,0
34,15
35,0
35,0
36,33
37,0
36,16
35,74
36,0
33,2
35,2
34,3
34,7
24,52
38,1
32,5
35,2
32,1
34,2
35,2
36,16
32,16
34,9
36,1
39,12
35,1
42,0
26,1
35,9
39,1
35,101
36,10
34,10
36,0
33,1
32,2
36,28
35,0
34,3
36,56
33,15
33,4
35,1
34,42
30,4
34,5
34,1
34,0
38,1
36,3
34,1
34,0
34,1
42,2
35,0
35,0
32,7
34,69
33,19
34,1
33,0
34,0
37,0
34,25
33,213
34,1
34,8
34,6
35,6
35,1
34,6
35,1
36,1
35,260
33,14
33,3
34,3
34,8
33,1
36,1
34,0
33,132
34,11
34,1
35,30
34,2
30,0
36,2
34,1
33,167
34,6
36,1
37,0
33,28
36,0
35,1
34,1
34,41
34,18
37,0
34,2
34,7
33,1
36,1
34,1
35,1
34,2
32,51
38,0
33,1
34,44
36,0
34,1
32,1
35,1
35,3
35,472
35,3
34,39
33,35
34,54
35,0
37,1
34,0
35,1
34,15
39,2
34,7
34,1
34,10
34,1
35,1
35,49
36,1
33,1
37,0
33,7
36,1
35,20
35,61
36,12
38,3
37,0
34,0
35,0
35,0
30,13
35,2
34,4
36,0
35,22
32,16
30,1
36,9
32,2
38,0
35,2
36,0
36,2
36,100
33,25
36,13
32,1
32,5
34,1
32,29
34,1
36,0
34,14
36,18
38,1
34,170
33,17
35,0
33,1
36,57
38,1
34,0
34,37
34,2
34,2
36,100
28,4
34,0
34,10
30,5
36,1
33,1
36,91
34,0
34,1
32,5
34,5
35,28
32,0
37,0
39,1
35,16
35,1
34,0
33,2
34,1
37,9
36,1
36,2
36,6
32,44
28,1
35,0
34,20
35,15
40,8
36,23
33,94
35,0
36,0
36,0
35,1
36,1
37,1
33,5
36,1
35,8
34,1
34,1
34,0
34,1
34,15
36,0
34,0
34,27
36,0
35,43
36,23
35,160
35,210
31,0
34,19
36,0
34,8
32,2
36,2
36,2
35,1
35,0
36,1
34,1
36,2
35,0
34,0
40,1
35,27
34,1
37,1
35,1
36,1
35,4
33,3
36,1
35,259
36,0
34,0
33,7
36,3
34,1
34,2
33,4
38,1
37,0
32,21
36,7
35,0
36,13
34,2
34,68
35,1
34,149
44,0
35,3
36,28
34,0
35,0
34,12
35,18
34,0
34,3
34,14
34,156
34,4
37,2
28,0
36,7
34,6
36,2
34,5
35,1
34,2
36,2
34,8
34,149
35,5
,10
34,51
34,2
36,19
38,21
34,0
34,6
34,0
25,0
35,3
36,1
33,4
35,11
33,63
34,2
36,24
35,15
34,0
35,0
34,0
34,0
37,2
35,0
33,11
35,1
34,1
35,2
34,71
40,17
33,0
33,0
36,3
33,1
33,1
34,1
31,0
34,1
35,1
35,32
36,0
34,117
34,1
32,0
33,12
35,2
33,1
32,1
34,9
33,0
35,0
36,5
34,41
34,18
36,8
35,1
37,1
36,103
36,9
33,23
42,0
34,1
37,1
32,17
35,37
35,2
37,6
34,10
36,1
37,5
41,0
35,0
34,24
35,6
36,0
36,2
35,16
34,5
36,4
30,76
30,4
34,73
34,3
35,0
36,5
38,0
35,0
37,1
30,1
35,1
35,23
34,0
36,0
36,7
35,1
32,21
33,18
34,72
36,39
35,0
36,16
35,0
35,25
32,0
34,2
36,3
35,150
34,2
34,3
35,1
34,123
39,0
36,1
36,1
35,0
36,0
34,14
33,1
34,0
34,3
35,0
36,47
34,1
36,0
34,1
35,0
36,6
36,473
34,0
35,27
36,6
34,1
36,13
36,10
34,12
35,5
32,24
34,2
32,1
36,3
34,0
34,8
34,94
36,8
34,29
35,0
34,0
33,23
38,7
36,1
34,99
36,31
35,14
30,14
35,0
36,0
32,1
34,2
36,7
32,3
34,1
34,0
36,1
37,57
33,10
32,66
36,6
35,2
35,2
35,1
34,30
35,675
33,1
37,2
34,150
34,209
33,372
36,28
36,7
36,1
34,1
35,13
34,10
33,38
34,0
36,1
35,3
36,0
38,2
36,0
34,0
34,1
36,2
34,26
36,72
34,14
35,22
34,0
35,3
32,0
34,1
36,15
36,36
38,1
33,18
33,6
35,6
35,42
36,1
35,139
35,30
35,6
34,0
36,0
34,23
35,4
33,0
36,1
34,0
34,18
30,20
36,3
34,0
31,10
35,80
38,199
34,42
34,0
34,1
36,2
35,7
34,1
36,17
33,0
42,5
34,1
35,1
34,0
36,1
35,29
38,15
35,0
34,1
33,20
33,2
35,225
34,1
36,2
33,1
33,1
36,1
34,1
36,1
34,11
32,171
34,35
34,0
36,1
34,33
35,21
35,2
34,0
35,18
36,55
34,23
39,19
32,1
33,0
36,7
35,3
36,0
36,18
34,0
34,53
35,1
34,138
33,1
36,2
36,4
46,1
38,9
38,2
34,0
36,0
35,3
35,1
35,89
33,202
38,1
35,21
34,50
34,19
36,0
33,0
34,1
36,1
36,5
35,12
37,31
35,0
35,15
36,0
33,0
38,0
35,2
40,0
36,1
32,2
35,21
33,12
36,0
36,0
37,0
33,9
36,1
38,42
35,1
37,1
34,33
35,0
35,2
30,4
24,5
34,94
40,0
35,0
33,155
33,1
34,10
47,5
36,0
35,0
36,1
35,7
35,0
35,9
36,7
35,3
41,1
35,5
36,1
25,2
35,0
36,5
34,3
36,0
34,11
38,3
36,0
35,1
38,1
36,0
34,0
37,1
33,0
34,1
38,4
36,1
35,27
38,1
36,15
36,44
35,15
38,3
33,1
32,1
35,0
34,1
37,2
33,1
36,21
34,10
35,4
35,83
35,4
33,2
35,2
30,0
35,0
34,11
35,21
32,1
32,3
34,8
34,0
33,87
35,1
34,1
33,22
38,3
36,0
38,61
34,23
36,1
34,11
34,12
34,5
33,11
34,2
34,39
35,105
35,0
33,3
36,6
35,2
34,60
33,8
35,0
35,0
34,29
35,7
34,116
36,2
32,0
34,14
33,647
34,4
34,24
35,0
34,1
34,2
36,2
34,1
34,1
34,140
35,46
39,2
35,9
37,1
46,1
36,43
33,1
36,2
34,2
35,0
35,7
35,1
34,16
46,1
32,0
35,0
34,0
35,8
34,2
33,36
33,2
34,6
35,22
37,0
32,0
33,1
35,1
32,1
25,14
35,9
38,0
34,1
32,63
35,4
33,1
36,7
34,90
35,0
34,2
34,2
33,1
31,0
35,4
49,3
34,1
35,30
34,4
34,1
36,0
36,2
34,0
36,18
30,0
33,90
35,0
34,11
34,30
34,1
34,2
37,0
34,0
36,19
35,3
33,1
35,13
32,4
36,39
36,0
35,0
38,0
35,1
35,20
32,0
34,7
33,0
36,0
28,1
34,0
32,11
34,0
35,1
36,103
34,2
36,9
34,18
35,5
39,1
35,1
36,1
35,35
35,6
35,461
36,0
34,0
36,4
34,20
34,0
34,0
35,99
37,0
41,24
34,10
36,0
34,0
35,0
34,0
34,86
33,1
34,1
37,1
34,2
34,10
35,0
35,96
36,0
33,63
35,23
38,1
38,6
35,40
34,0
33,0
33,9
34,10
36,2
34,0
34,36
36,5
36,5
35,15
35,2
36,9
36,0
32,1
34,0
39,0
34,1
37,40
36,0
36,35
34,13
36,45
36,1
34,9
34,0
32,92
37,0
36,10
34,5
32,0
30,1
36,32
32,4
35,13
34,1
,16
34,153
36,7
35,1
33,48
37,522
33,1
34,0
34,1
33,14
33,12
38,3
34,14
33,78
35,2
34,33
36,0
38,40
36,40
39,16
34,10
36,0
36,32
36,10
34,2
37,9
32,11
35,1
32,3
35,0
36,3
34,2
37,5
36,0
34,6
34,3
34,0
35,1
36,77
35,2
36,0
33,5
34,0
38,4
33,2
33,9
35,99
34,62
33,1
36,4
35,3
34,1
35,2
37,0
37,0
37,12
37,2
36,7
35,36
34,1
36,3
33,14
35,6
34,7
42,1
34,0
34,1
32,39
36,23
33,1
34,17
35,1
38,0
35,2
38,2
34,2
36,172
39,15
35,1
36,1
33,8
33,19
35,1
37,14
35,1
35,2
35,182
36,12
35,0
34,0
33,1
34,1
34,49
38,0
34,1
31,0
36,4
36,3
33,2
34,3
35,0
36,1
33,288
34,12
34,5
34,2
42,2
35,2
34,5
34,0
34,10
33,8
36,1
36,2
36,9
41,15
32,1439
33,0
33,1
36,4
36,1
38,1
34,21
34,1
36,2
33,45
34,1
36,159
35,4
40,17
34,3
36,4
35,2
36,237
33,19
34,1432
35,13
35,4
33,152
36,3
38,70
36,0
35,89
36,3
34,0
34,0
35,0
33,6
33,21
35,2
34,9
34,1
34,1
37,3
33,1
36,8
35,2
36,0
34,2
36,1
34,1
33,2
35,37
32,1
36,2
36,1
33,14
36,1
34,4
35,0
37,4
40,30
36,1
34,2
32,6
35,0
37,1
36,61
34,14
36,12
35,7
35,1
36,0
36,30
33,0
36,300
36,1
36,13
34,0
36,5
34,2
33,1
35,8
34,19
36,0
34,2
33,58
35,27
35,13
34,9
32,2
34,1
34,28
38,4
33,2
33,1
35,48
34,2
35,0
34,0
24,5
36,1
35,11
33,1
34,10
34,5
35,4
32,5
34,1
38,0
35,3
35,1
34,12
36,1
35,0
34,20
36,4
33,1
30,4
36,4
34,14
35,0
34,0
36,6
37,0
34,14
36,1
38,1
36,86
35,6
34,1
36,0
35,0
34,1
37,2
34,8
37,0
36,0
34,29
35,1
32,7
35,8
32,1
42,0
35,1
36,0
37,5
37,81
33,2503
32,0
34,8
45,78
35,0
38,1
35,0
40,0
32,1
35,0
34,7
36,0
37,1
34,0
37,41
32,38
37,3
36,2
34,1
36,21
34,10
34,0
34,11
33,26
36,1
32,4
34,1
36,10
34,0
35,0
33,3
35,0
35,15
33,60
34,0
35,1
30,1
35,1
34,35
33,0
34,0
36,3
39,0
38,0
34,6
33,2
35,0
34,21
30,7
37,0
37,0
35,28
36,19
34,1
36,79
32,10
38,4
36,16
38,1
35,6
38,0
35,0
34,0
41,1
32,689
32,18
33,4
36,59
34,0
35,3
36,0
34,188
36,1
32,12
34,0
37,14
35,7
36,75
35,0
35,1
34,10
34,1
34,2
35,25
34,1
35,16
36,128
36,1
34,3
34,1
36,0
35,0
34,1
36,1
33,17
35,1
33,2
35,2
36,1
31,0
38,8
34,2
35,1
34,2
34,4
34,2
36,0
36,2
36,0
34,0
33,26
35,8
34,1
35,19
33,113
34,11
35,1
35,129
35,1
35,210
35,0
35,22
34,3
36,5
33,1
35,20
35,1
35,12
34,18
34,2
38,5
35,0
36,4
37,38
36,4
44,34
36,17
32,0
35,14
32,20
34,131
38,0
35,0
35,24
35,1
35,0
35,0
34,11
37,1
34,107
34,48
35,0
34,238
40,1
38,1
38,0
32,1
36,1
34,8
33,1
35,54
37,30
37,5
33,0
34,3
34,15
36,5
34,2
37,1
32,241
35,1
36,1
35,158
32,1
36,0
36,2
33,2
34,1
36,0
34,1
34,9
34,0
34,3
36,0
36,1
34,5
35,0
34,23
33,30
36,3
34,0
32,7
34,10
35,5
32,1
36,0
36,0
34,0
35,75
36,2
33,3
36,6
35,2
34,10
32,7
35,0
33,1
36,2
35,1
36,1
36,2
34,4
32,0
34,17
36,0
37,15
38,56
37,0
34,0
30,6
34,512
38,0
35,22
34,11
35,0
38,0
35,335
35,0
34,24
34,1
34,1
36,0
33,1
33,18
36,17
36,5
33,1
36,2
37,1
35,19
34,0
33,1009
34,42
35,23
36,43
41,0
36,8
36,3
36,1
38,3
34,1
35,51
35,9
34,1
35,23
35,25
36,22
36,2
34,4
35,5
36,89
34,1
35,1
36,4
35,7
32,1
33,3
35,488
36,10
36,2
37,3
36,448
35,2
36,94
32,16
37,0
36,1
34,2
37,3
35,1
35,91
36,0
35,87
36,0
34,0
34,0
36,1
33,30
35,140
35,1
34,34
33,2
35,83
34,4
36,2
34,0
39,1
34,7
35,0
32,36
34,3
36,65
35,0
39,72
38,1
39,2
33,1
35,2
34,4
33,12
34,0
34,20
34,0
34,1
34,1
34,0
33,7
34,0
34,2
36,368
34,1
34,0
34,0
35,3
36,13
37,7
35,0
34,1
36,275
33,8
33,5
38,14
35,4
34,0
33,0
38,4
37,5
35,1
34,0
36,3
34,10
39,0
36,37
33,29
35,9
35,1
36,0
34,75
36,73
38,581
36,0
36,24
34,10
34,57
36,1
35,1
36,0
30,14
34,2
33,0
34,7
32,14
36,1
32,12
34,1
34,2
35,0
38,0
33,144
35,31
33,86
34,4
34,2
32,45
34,0
36,55
36,61
35,0
,2
37,3
34,48
36,288
34,1
35,1
34,0
34,108
34,1
34,12
34,72
34,15
35,10
37,1
35,38
36,10
36,0
35,0
34,14
34,1
36,25
38,1
34,1
35,6
36,0
34,111
34,49
35,2
36,65
34,5
34,2
32,21
36,1
35,0
34,62
34,0
33,1
35,13
32,1
36,0
35,0
34,1
30,38
32,2
33,21
31,60
36,1
36,0
34,0
33,55
36,13
32,58
34,1
34,5
34,0
32,0
35,1
35,34
35,0
34,0
54,0
32,50
30,0
37,0
36,8
33,6
33,1
36,1
34,208
34,3
35,70
36,31
36,1850
34,7
35,60
44,1
36,0
34,0
34,9
36,4
34,2
30,5
34,3
34,1
35,317
33,1
34,44
32,0
36,82
34,0
36,133
37,3
35,20
34,0
36,2
36,6
33,2
36,1
34,0
32,1
37,0
32,39
40,109
35,28
33,10
34,261
37,25
34,2
33,0
36,0
36,1
34,6
35,0
34,21
34,1
34,1
38,0
35,16
36,19
36,2
35,42
32,17
33,0
32,1
35,10
36,13
36,1
35,1
34,1
32,70
34,4
38,0
30,50
34,1
32,0
35,1
33,4
34,9
35,0
42,1
35,0
34,18
35,79
36,2
34,3
36,1
26,0
33,1
34,1
34,0
36,1
31,72
34,0
33,0
36,5
34,1
32,1
33,20
41,0
35,1
34,0
33,8
34,1
36,74
33,1
37,1
36,0
36,0
38,35
34,9
34,92
36,1
36,0
35,18
35,3
35,27
36,0
35,1
36,0
34,0
32,42
33,0
35,0
37,7
34,1
35,72
36,1
36,0
34,1
34,7
36,0
35,23
36,6
38,1
35,1
34,1
35,1
33,7
36,0
36,4
35,14
36,186
34,54
35,5
34,1
33,28
33,41
37,1
34,3
32,1
36,15
33,1
34,0
36,1
35,2
35,22
36,9
35,6
36,1
36,9
32,6
36,3
32,1
38,11
37,5
36,2
35,81
32,0
35,3
34,224
32,11
36,3
34,0
33,2
35,8
35,0
39,3
37,0
36,1
34,153
33,357
34,2
34,0
36,8
36,3
34,1
35,0
33,1
34,0
34,5
34,1
35,3
34,1
34,0
36,3
35,0
35,1
35,1
33,2
34,0
33,27
33,2
35,1
34,6
36,19
44,2
35,36
30,39
34,297
35,525
32,0
35,2
35,20
33,10
35,1
34,11
38,1
34,2
35,1
36,3
36,0
35,2
34,0
38,1
34,0
34,3
34,5
34,4
36,0
33,0
34,1
34,6
35,1
34,0
35,5
35,1
36,0
36,0
32,5
34,12
32,22
33,1
34,3
37,0
36,51
34,4
25,4
34,0
32,6
34,0
35,1
33,1
34,1
35,1
34,0
34,3
34,63
36,7
35,1
36,0
34,2
34,1
37,4
35,137
33,4
35,5
37,124
32,1
35,0
34,0
36,40
35,23
35,9
34,3
34,5
34,38
34,180
34,5
35,106
32,28
34,983
44,0
34,1
36,1
34,0
34,24
34,16
37,14
35,1
34,1
36,2
34,2
34,7
35,0
40,0
35,13
35,1
34,3
34,2
36,3
40,1
34,0
34,53
35,88
34,2
34,1
36,8
34,1
36,34
33,0
34,0
36,0
35,0
33,2
33,1
36,0
36,9
35,14
34,103
35,87
30,2
34,16
37,1
32,18
36,11
36,1
34,1
36,32
33,0
34,1
35,109
34,0
34,103
35,0
37,10
32,11
36,1
35,229
36,0
36,1
36,12
33,15
34,14
34,111
34,2
36,1
35,30
33,1
36,18
45,2
35,25
37,0
38,11
36,1
34,3
34,0
36,16
35,3
34,15
36,0
33,2
36,0
35,1
35,5
34,5
34,1
35,1
36,3
34,0
35,7
36,4
33,4
34,2
35,1
38,0
34,1
38,15
38,0
33,1
36,2
35,0
34,7
35,6
34,51
35,2
34,11
37,1
34,6
34,1
36,0
34,13
33,4
30,3
36,76
34,16
34,6
36,3
34,0
35,0
35,16
36,2
35,18
32,1
34,4
34,28
44,4
34,0
34,9
34,51
30,0
37,5
34,38
35,2
34,7
34,37
36,1
34,0
36,20
33,1
35,1
33,1
36,0
34,1
34,1
36,1
34,1
34,2
35,11
34,2
34,0
36,67
33,2
32,2
34,2
35,10
36,626
35,26
37,22
34,0
34,426
37,6
35,3
34,31
39,1
34,14
34,1
33,5
35,4
37,14
33,0
38,15
35,1
36,1
35,58
35,29
34,1
33,39
27,0
34,2
35,2
35,0
34,1
36,19
36,93
33,9
32,12
34,1
34,3
36,1
32,15
34,1
32,1
36,0
36,0
35,0
35,0
40,35
36,10
35,0
37,32
36,70
35,1
37,0
36,10
35,1
34,189
34,47
34,1
34,53
36,11
34,1
39,0
32,1
34,4
35,5
33,3
34,0
36,7
33,1
35,0
33,1
33,1
35,1
33,0
42,5
32,2
35,4
34,2
37,1
34,1
35,14
40,8
35,201
38,1
35,6
34,16
34,71
35,30
34,0
34,1
34,1
34,35
33,10
35,1
,1
38,0
32,9
35,1
36,1
34,0
34,71
34,40
34,8
38,0
33,3
34,18
36,1
32,2744
34,5
35,3
35,3
33,0
35,6
33,1
33,1
33,10
34,1
34,0
37,16
36,16
40,7
36,9
35,6
32,2
36,0
44,162
36,3
35,1
34,1
34,70
33,4
34,88
34,2
32,0
33,1
32,49
36,1
40,207
35,1
32,1
36,0
35,26
34,33
34,3
32,2
35,0
33,1
32,34
34,74
35,1
34,11
33,1
41,0
34,0
35,2
35,1
35,0
35,1
37,1
36,1
34,1
40,1
35,3
34,0
35,66
34,29
33,2
36,5
34,1
36,1
34,1
34,1
34,1
44,0
34,2
40,0
35,4
37,33
34,293
34,19
35,1
34,1
34,7
34,13
34,0
37,1
35,1
34,0
35,4
36,4
33,132
35,14
33,15
36,1
34,0
34,1
34,72
33,2
33,67
34,0
36,1
34,0
32,11
35,1
35,0
34,10
35,3
36,1
33,7
35,1
35,7
32,124
33,1
33,56
34,28
39,1
35,1
34,106
35,16
33,20
34,1
32,10
34,2
35,0
33,11
34,107
32,45
34,4
34,3
34,5
36,1
35,1
34,2
37,0
37,2
34,31
41,12
32,1
34,3
36,68
34,1
35,5
37,28
36,89
36,2
35,53
35,4
35,18
35,100
34,0
34,1
35,13
34,2
36,0
34,18
35,5
33,1
34,1
34,1
34,10
34,0
38,0
36,1
33,19
34,8
34,14
56,1
36,7
35,2
37,0
25,18
35,0
33,0
34,8
33,0
33,14
34,0
34,5
34,0
34,6
36,0
35,5
36,2
33,0
33,1
33,124
33,4
34,34
36,13
36,0
35,13
36,14
35,1
33,1
36,0
35,1
33,6
34,13
36,4
33,1
36,0
35,67
33,166
35,8
33,1
,1
33,3
31,1
33,0
32,1
39,4
34,5
35,3
35,4
36,27
37,5
34,3
34,1
35,1
34,0
32,1
33,30
33,0
37,1
36,11
32,0
34,1
34,1
34,25
35,4
36,14
34,3
35,7
33,0
34,0
35,4
37,1
34,3
34,1
32,2
35,0
35,6
36,5
34,0
34,95
33,1
33,9
42,0
38,1
34,2
32,1
36,78
33,2
37,0
34,1
35,0
35,3
33,1
34,4
34,1
33,19
36,1
37,5
34,10
33,1
36,94
36,5
34,46
36,2
30,20
36,6
33,306
35,1
36,3
34,2
34,716
35,3
35,2
34,55
36,3
35,92
26,1
36,17
34,0
36,0
33,0
34,0
36,0
36,0
34,19
34,1
37,0
36,1
34,1
36,1
33,1
34,1
35,0
35,3
35,0
35,216
36,9
39,4
38,0
34,2
32,0
34,0
34,3
33,1
36,98
32,7
34,16
35,0
36,3
34,5
34,2
37,2
34,0
35,2
36,203
35,1
33,192
35,1
33,1
38,0
37,1
34,0
32,32
36,0
34,0
35,145
34,1
36,1
36,17
35,0
35,360
36,1
34,41
33,1
36,88
38,1
38,1
34,1
34,1
36,71
33,1
36,2
34,3
34,56
36,0
34,0
28,1
35,0
34,38
34,1
30,2
35,3
34,1
35,101
35,0
36,2
34,2
35,0
36,47
34,0
35,5
35,1
37,1
34,1
26,1
35,2
34,81
33,21
36,0
34,1
35,1
34,2
34,12
32,562
34,41
36,9
35,3
36,1
35,2
37,10
32,25
32,1
36,2
34,1
37,3
34,1
36,184
35,3
34,0
36,3
36,0
34,1
36,2
34,55
32,1
36,1
34,40
42,3
35,2
34,34
36,1
33,18
32,6
31,1
34,5
30,14
34,0
36,9
35,0
35,13
34,66
35,1
34,0
38,0
34,0
35,0
32,133
36,0
38,1
36,4
33,36
36,242
34,20
34,1
36,9
36,35
34,63
36,12
32,11
35,0
33,3
34,36
35,2
,6
33,1
35,0
35,1
35,21
34,0
35,2
36,5
32,1
35,10
34,1
36,29
36,0
35,13
34,14
32,39
34,15
34,1
34,0
35,1
36,37
35,363
36,0
34,1
34,53
37,0
32,15
33,18
37,40
33,5
33,39
33,1
35,6
34,12
35,1
36,1
34,34
35,0
35,24
34,1
33,2
35,8
33,36
33,72
35,31
35,1
37,15
35,1
34,0
36,0
36,2
35,1
34,2
51,0
35,21
40,0
36,0
37,0
36,0
36,0
32,1
36,1
36,7
40,32
35,0
34,0
34,1
34,8
35,1
34,1
35,1
32,2
33,0
34,157
35,2
34,0
33,5
36,27
32,0
36,1
33,1
34,24
32,37
34,0
34,0
37,8
38,0
34,1
36,2
36,35
37,3
36,1
36,13
36,1
35,0
36,96
36,15
35,3
36,5
35,0
38,1
34,1
39,3
34,1
34,0
34,6
36,5
35,18
37,0
38,3
32,6
36,0
34,1
35,2
34,2
32,4
36,25
30,15
30,0
33,1
35,1
34,0
35,10
35,0
35,1
36,7
34,0
35,1
38,4
32,2
34,2
38,2
33,55
34,1
36,0
34,1
35,17
34,1
33,9
34,0
37,0
34,1
34,2
37,32
35,7
33,1
36,2
35,3
36,13
33,1
34,23
36,0
34,10
35,2
33,1
33,23
36,34
35,0
34,3
34,0
33,3
35,1
37,8
34,14
35,157
37,52
35,0
35,30
34,0
35,0
34,2
34,1
35,1
32,27
37,14
35,30
39,6
37,11
36,111
34,0
34,2
34,1
34,1
34,0
33,1
38,96
35,1
36,12
40,0
35,0
35,2
34,26
36,1
36,1
35,0
35,1
35,30
33,3
34,0
34,21
31,0
36,0
45,571
33,111
35,7
38,4
34,8
30,16
35,6
35,46
36,6
35,54
34,8
33,0
33,0
34,216
32,21
33,3
35,4
35,1
35,13
36,0
39,1
35,14
33,1
37,0
32,2
35,25
33,49
33,101
34,37
36,5
34,15
34,12
34,1
33,2
33,1
33,190
34,0
34,78
34,1
36,0
34,1
33,16
34,14
35,0
36,1
36,0
30,0
35,13
35,0
34,1
35,12
34,3
34,5
36,1
34,0
37,0
35,0
36,28
35,1
32,1
35,2
32,147
35,50
35,7
35,1
35,2
32,1
40,53
33,2
34,6
35,1
36,1
33,1
34,480
34,49
35,4
36,1
36,0
36,33
49,29
34,0
39,234
34,185
35,208
35,32
36,0
36,1
37,0
34,0
36,0
35,49
34,0
33,1
34,2
35,2
33,1
36,3
32,3
34,9
35,4
35,31
32,1
43,0
34,2
36,0
33,1
36,3
35,1
34,10
34,1
33,14
32,20
35,57
33,0
35,0
35,7
35,3
36,106
34,6
32,1
35,2
40,21
36,7
35,1
33,10
36,4
35,0
36,0
34,105
35,0
36,0
34,1
33,2
34,7
35,0
35,1
35,1
35,1
35,1
36,4
35,0
37,0
37,1
33,37
36,0
37,0
36,28
35,0
35,1
36,5
34,1
36,22
33,1
34,0
36,2
36,5
34,5
30,1
34,3
33,1
36,0
35,0
36,31
36,0
34,0
34,0
34,0
34,1
33,2
36,1
36,2
32,3
34,0
35,1
36,1
36,56
36,0
34,8
34,6
34,1
36,8
34,7
35,0
35,3
37,1
34,0
34,9
36,1
37,52
34,6
35,4
36,93
32,24
36,1
34,2
35,5
34,1
35,1
34,74
36,0
36,0
32,1
33,7
36,88
40,1
33,0
33,0
36,14
36,19
35,0
34,5
35,0
34,6
24,10
36,2
34,1
39,0
34,58
35,159
36,106
35,2
36,19
37,1
34,65
34,0
34,1
32,0
38,36
37,361
36,1
34,2
34,5
34,0
34,1
34,1
34,0
35,1
36,294
33,1
34,1
32,22
34,2
35,60
34,1
35,959
34,2
36,1
34,1
36,7
38,8
33,1
34,0
36,3
37,0
38,1
32,1
34,1
36,0
35,3
34,16
35,3
34,64
35,1
36,37
35,20
35,0
34,4
33,24
34,1
34,2
36,1
34,0
32,0
34,7
38,17
33,1
34,1
34,8
34,20
34,21
33,1
31,0
34,36
35,0
36,2
32,0
36,4
36,8
34,3
35,0
33,17
36,11
30,2
34,10
33,2
35,59
34,5
34,44
36,4
33,0
33,1
35,1
32,1
35,1
35,1
44,1
35,7
35,1
36,0
34,1
32,1
35,69
34,14
37,0
33,7
35,14
36,17
35,3
34,1
35,36
38,1
35,5
35,5
33,0
34,1
35,304
35,2
35,2
34,1
34,25
38,0
36,2
34,4
35,0
33,62
34,4
37,3
35,37
32,2
33,2
33,1
35,0
35,1
35,3
32,5
34,9
45,5
36,6
35,2
33,0
35,1
33,0
35,9
36,64
37,1
34,23
33,21
30,5
35,7
34,5
34,3
34,3
36,0
35,1
47,2
36,23
34,5
33,0
36,22
41,1
35,748
32,0
35,8
34,40
33,18
35,2
33,1
38,4
34,15
37,0
36,0
36,9
35,1
34,0
34,28
32,0
36,0
24,15
32,5
35,7
36,1
35,0
36,2
32,1
35,466
32,30
36,3
37,2
36,4
34,1
36,4
36,0
36,1
36,24
34,4
35,0
35,0
34,46
33,0
34,0
34,2
34,4
35,1
31,1
30,9
35,2
34,4
36,1
35,72
38,2
34,1
34,3
36,30
37,7
36,0
37,1
36,4
34,3
35,1
34,66
36,0
31,0
31,2
35,1
38,1
32,172
35,0
35,13
35,60
35,16
43,12
33,1
33,1
32,21
36,4
33,59
36,4
25,0
34,1
36,2
33,179
35,1
34,33
33,0
34,12
40,10
35,26
36,3
46,12
34,3234
34,76
38,0
34,11
35,1
34,19
36,4
35,7
36,1
35,2
37,1
36,1
33,16
36,1
35,0
34,119
33,1
34,0
34,1
33,1
36,9
33,180
34,5
34,1
35,13
35,31
34,22
35,1
36,0
71,0
33,3
35,1
34,0
36,52
34,3
36,0
36,2
34,0
39,0
33,1
34,1
33,1
34,1
32,3
35,9
34,7
36,0
34,23
35,1
35,0
36,6
38,0
39,0
34,21
34,0
34,1
36,2
35,0
35,5
38,10
30,10
36,0
32,1
24,172
34,1
36,0
35,2
35,78
35,1
34,8
34,1
33,1
37,0
36,0
35,1
33,3
34,25
37,0
34,48
34,8
36,1
34,3
32,4
33,2
35,1
34,2
36,13
34,6
37,2
34,0
35,1
33,7
35,2
32,1
36,2
35,3
36,42
34,2
35,4
35,2
34,1
36,481
36,2
33,1
36,1
38,10
34,3
33,32
35,0
34,5
34,1
35,1
34,1
34,1
34,2
36,54
35,0
36,1
36,0
37,0
33,1
34,1
36,17
34,24
36,18
40,1
35,0
36,4
36,0
33,1
34,10
38,1
34,127
33,71
35,14
34,665
36,3
36,11
36,0
35,10
37,75
33,1
32,0
35,1
36,0
36,2
32,4
36,6
35,118
34,2
34,49
38,3
35,3
35,0
35,9
34,3
33,37
36,83
34,1
34,5
34,1
42,0
38,1
34,2
34,4
34,24
34,20
34,308
37,9
35,5
35,3
36,0
34,12
38,1
35,266
34,0
32,0
36,3
38,1
36,32
33,1
34,5
37,28
35,0
36,1
37,5
34,1
36,1
35,3
34,0
33,1
35,1
34,5
33,1
36,8
36,0
34,0
35,56
33,5
36,2
34,35
34,24
35,4
36,138
37,1
36,0
34,1
33,85
36,1
34,33
33,4
34,42
33,283
33,0
35,1
38,7
35,117
36,2
38,0
38,0
36,68
34,105
40,1
38,0
36,0
34,0
37,138
35,70
34,0
36,1
32,1
32,66
34,1
35,143
36,8
42,1
34,5
33,1
33,3
34,22
32,0
36,9
35,4
33,9
34,0
40,3
36,126
35,1
36,3
34,2
36,20
36,0
37,4
34,2
38,43
34,61
35,8
35,3
34,0
33,145
34,8
36,2
32,21
36,2
36,2
34,3
32,11
35,13
33,1
37,5
33,0
35,2
35,108
33,1
35,1
34,31
35,1
35,3
38,0
41,0
33,34
32,0
34,3
36,9
35,29
32,1
34,3
36,0
34,200
34,137
35,1
34,305
36,6
33,5
33,14
36,0
35,1
38,3
34,86
32,37
34,2
46,13
,1
35,0
34,1
38,2
34,14
34,1
35,167
36,7
35,21
37,4
37,0
32,0
33,43
34,0
36,88
33,1
35,61
32,5
27,0
35,9
33,1
36,3
35,2
32,252
36,1
32,69
34,143
35,1
33,1
35,15
34,24
32,0
35,0
34,1
34,4
36,2
34,1
33,1
39,240
35,306
34,0
33,0
34,1
42,0
39,0
36,1
35,9
35,6
36,12
35,11
35,0
35,1
32,1
33,3
36,50
35,1
31,0
34,79
33,87
36,2
34,9
33,11
33,4
34,69
34,20
36,3
30,7
36,4
32,1
34,0
35,2
36,0
35,4
33,60
36,9
32,213
35,76
32,0
34,0
33,0
36,1
34,0
36,1
32,0
36,0
33,100
31,0
35,1
34,1
34,6
35,0
32,21
24,5
38,1
36,11
33,961
34,1
46,4
34,13
37,15
32,15
36,0
34,1
35,2
35,0
35,125
43,0
35,4
35,0
38,0
36,4
35,6
33,7
33,1
34,71
34,1
34,0
35,3
36,4
34,12
34,2
33,42
34,33
32,0
36,7
34,3
35,0
35,18
35,0
34,2
36,1
33,1
34,22
33,3
36,7
35,8
35,1
36,25
34,12
35,26
33,4
34,0
35,1
34,0
32,3
35,6
33,1
34,1
36,8
36,18
38,0
34,0
35,0
34,9
35,0
35,550
35,240
42,19
35,0
35,3
35,64
34,1
34,0
36,0
34,2
32,1
34,2
33,227
34,1
36,1
36,0
37,1
36,9
34,1
33,14
34,13
33,1
36,0
33,22
34,14
36,1
34,52
36,0
34,22
34,2
34,0
34,8
34,2
37,1
34,0
34,1
34,1
34,43
37,129
36,1
34,3
34,1
30,23
35,10
34,0
36,24
34,2
34,19
37,0
32,0
36,1
34,131
35,0
33,1
35,3
35,144
34,1
34,17
35,0
34,2
34,1
35,31
33,1
33,1
33,8
36,2
34,1
36,13
34,3
35,6
33,35
39,0
36,1
36,1
35,1
33,5
34,2
35,1
35,1
32,127
36,1
33,104
51,1
34,5
35,0
34,10
36,2
32,0
33,17
34,34
37,2
35,1
36,3
34,2
34,1
43,5
32,37
41,0
35,4
34,0
32,2
33,31
34,0
32,18
34,1
34,1
34,1
34,0
35,6
35,19
32,1
34,1
35,0
36,3
36,33
34,1
32,551
34,19
34,0
35,6
35,1
33,83
34,1
36,73
35,2
35,75
34,4
34,18
37,2
34,341
35,8
34,7
35,168
36,2
35,22
36,0
31,54
36,11
34,7
36,0
35,337
34,3
35,6
34,2
38,43
34,16
34,0
35,3
35,8
36,1
34,0
33,2
34,1
37,86
38,2
34,0
35,4
33,1
34,3
35,16
35,611
34,1
34,1
34,3
36,9
34,1
36,74
33,418
41,1
36,0
34,35
35,1
34,0
31,5
35,2
35,1
35,0
34,25
35,0
34,1
34,2
32,0
44,0
34,157
35,2
35,3
37,0
32,36
33,6
32,1
38,0
34,13
33,1
35,1
32,1
37,2
34,22
35,33
34,14
34,8
35,3
39,8
34,17
42,3
33,37
37,1
,2
34,1
34,5
34,4
33,327
34,3
35,50
33,4
37,107
35,0
34,2
35,9
36,1
35,12
32,5
35,4
34,4
33,2
36,4
33,15
36,4
36,9
35,3
36,0
35,19
57,7
34,1
36,41
36,2
30,0
34,44
35,17
34,1
34,34
34,6
34,1
34,0
33,29
34,7
34,4
34,0
35,1
34,0
35,1
35,3
35,1
36,6
33,3
32,1
34,1
32,1
34,1
36,20
34,0
34,11
34,26
36,75
33,23
32,1
36,1
35,15
35,1
38,6
34,61
36,1
34,3
34,105
34,1
32,18
34,4
35,29
35,6
36,24
36,5
33,3
36,0
37,9
34,2
34,18
31,40
37,1
34,11
36,7
34,35
38,0
35,4
33,10
36,43
35,1
35,6
37,0
35,1
37,1
34,6
34,15
36,4
36,4
33,21
32,3
34,39
36,1
35,0
33,37
36,1
32,19
33,1
36,18
33,2
33,1
35,4
34,0
33,9
37,3
38,0
33,23
36,35
32,2
34,28
32,2
35,82
37,8
33,12
35,1
34,7
34,0
32,1
34,1
34,1
34,83
33,73
34,1
35,3
34,2
34,32
35,1
37,0
35,3
36,4
34,0
34,0
35,27
34,2
34,7
37,2
36,0
33,1
34,2
35,0
39,23
36,18
40,0
34,0
32,3
34,1
34,116
34,36
34,15
36,7
34,2
35,4
34,12
33,71
35,0
36,0
34,155
34,14
36,1
32,69
38,5
34,13
38,0
35,6
34,0
36,25
34,1
33,15
34,7
34,1
34,1
35,8
34,1
34,3
35,0
34,4
36,2
33,0
35,0
34,901
34,380
34,0
35,35
34,24
36,2
32,26
36,0
33,5
35,40
32,18
35,0
34,19
33,6
33,353
34,38
34,2
37,7
34,42
32,1
34,157
34,1
36,1
34,1
32,106
34,24
34,12
36,0
34,1
35,0
35,1
345,9
32,1
38,2
35,2
34,47
35,16
36,0
34,17
33,4
35,41
36,5
34,1
38,0
36,0
36,1
34,19
35,41
35,5
35,1
34,7
34,2
34,1
36,2
34,2
34,33
32,0
34,8
35,1
35,3
34,40
35,59
35,0
37,1
34,0
35,1
34,4
35,24
32,2
34,25
34,0
35,2
34,1
34,50
32,24
35,1
26,2
34,20
36,1
34,0
34,2
35,4
34,315
34,2
34,23
37,1
36,1
36,2
34,1
36,26
36,0
30,2
34,1
34,7
36,4
36,0
35,0
32,13
35,105
34,1
34,0
35,1
35,1
34,15
34,1
34,13
36,11
37,0
37,0
34,17
30,16
32,2
35,2
37,2
34,2
34,1
32,1
35,2
33,1
32,2
34,0
34,3
36,0
36,1
35,2
36,42
34,21
34,1
33,2
33,2
34,1
30,49
36,0
42,5
30,1
34,1
37,1
35,71
36,4
35,78
34,1
34,0
35,2
34,0
34,15
36,1
34,14
33,6
33,3
36,3
37,0
34,505
36,2
34,11
34,0
34,1
33,1
34,2
35,1
34,111
33,1
34,13
32,1
35,28
37,57
34,49
34,43
3640,4
36,0
31,162
34,2
36,4
36,23
32,5
35,3
35,0
32,2
35,9
34,0
40,0
28,0
35,25
37,1
35,1
39,4
35,7
36,0
34,7
36,0
35,4
35,2
32,0
35,63
35,15
34,0
34,1
36,0
33,2
34,1
36,1
34,1
34,1
33,1
34,52
37,1
36,54
36,5
34,1
34,82
33,5
36,0
37,12
35,7
33,44
35,29
37,0
35,4
34,2
36,1
35,0
34,114
34,27
35,7
41,0
34,6
36,6
36,1
33,5
30,42
38,0
34,2
36,1
36,3
35,4
33,1
33,34
35,0
35,63
39,1
36,8
34,1
35,1
33,1
37,60
34,1
34,0
33,9
34,12
32,1
36,76
35,0
35,2
35,33
37,0
30,1
35,115
36,0
34,1
36,107
42,1
36,1
35,13
32,52
34,3
34,3
30,7
33,118
32,0
35,0
33,85
34,2
34,5
36,12
33,55
35,1
35,247
36,31
32,0
36,10
35,0
34,6
35,2
34,6
34,0
33,1
35,489
33,1
34,9
42,0
34,0
35,7
35,1
37,160
34,34
35,1
32,4
33,29
32,10
37,13
32,25
38,77
35,0
36,1
36,12
35,133
34,0
35,0
33,117
35,1
34,1
38,1
35,1
34,0
36,0
33,3
33,1
36,10
34,0
34,1
36,1
34,1
34,25
35,2
30,32
36,20
35,0
34,1
36,2
34,1
35,17
33,1
36,17
36,61
32,1
32,4
37,3
36,3
34,4
33,3
34,2
33,1
35,26
35,4
32,1
34,4
34,7
35,293
39,26
34,4
34,0
34,1
34,3
33,152
37,1
36,1
35,19
35,2
36,1
36,6
34,1
35,8
33,1
36,4
34,1
35,3
33,8
33,0
35,3
37,0
34,1
35,52
36,0
37,1
39,1
34,1
37,16
32,1
36,1
32,3
33,59
33,11
44,0
35,64
39,0
36,0
34,0
34,2
34,0
36,0
32,5
33,5
36,1
33,19
34,0
35,1
34,3
36,10
37,0
36,1
32,0
33,0
33,4
35,1
34,39
35,9
33,7
34,2
35,8
32,1
36,4
36,45
34,3
33,2
31,0
35,21
34,0
34,3
36,0
35,2
35,4
35,1
34,1
36,1
34,0
35,244
34,181
56,0
38,3
36,7
34,1
34,8
35,0
33,2
33,5
35,1
34,21
35,78
25,8
33,0
39,0
34,0
36,2
32,0
36,0
34,44
34,0
34,0
38,7
36,1
34,50
35,1
37,0
33,2
34,1
34,2
33,0
34,1
34,9
33,3
32,102
34,65
33,85
34,0
35,2
33,2
34,4
36,1
32,1
36,0
,2
36,116
34,2
33,10
36,4
35,2
33,1
37,6
36,5
34,1
33,29
32,0
36,4
33,1
34,6
35,89
36,12
33,85
36,2
35,0
38,3
40,9
35,1
34,1
36,1
34,1
36,6
34,13
38,3
32,0
32,1
34,14
34,1
36,0
36,2
38,3
35,4
35,25
32,0
35,1
37,0
32,0
35,14
36,0
34,2
34,3
35,7
34,11
36,23
33,22
36,0
34,0
34,5
34,1
37,0
35,1
34,1
36,0
36,17
33,1
34,55
34,69
38,16
35,2
37,14
36,0
35,3
34,1
34,11
37,2
38,73
36,2
36,0
35,0
36,0
36,1
34,0
34,3
30,2
34,2
35,1
34,0
34,3
36,5
34,0
37,1
36,20
36,13
34,0
35,9
36,1
32,2
34,7
36,1
34,1
33,5
35,3
36,3
34,5
35,66
34,14
38,2
27,24
35,1
34,1
34,8
35,3
33,4
34,73
32,5
33,1
34,27
37,0
34,4
23,11
35,0
39,12
34,1
37,144
34,4
38,1
34,23
36,16
33,40
34,59
36,1
33,1
40,2
35,0
37,0
34,10
44,0
36,0
35,1
35,23
36,8
33,1
32,1
36,0
35,57
37,1
35,46
35,4
35,19
33,8
36,234
39,0
35,2
40,72
36,10
33,2
35,1
32,36
36,9
33,18
32,10
32,70
32,49
36,1
35,0
34,0
35,69
37,4
33,1
36,8
32,0
35,27
36,2
34,0
34,1
34,1
35,6
31,1
35,17
34,1
34,4
34,66
35,2
35,239
34,0
38,10
35,0
34,18
35,0
35,4
35,0
34,1
35,2
36,1
33,10
34,13
33,75
33,0
34,1
34,1
37,1
36,1069
35,2
34,1
33,95
35,1
34,43
34,6
32,42
33,1
33,135
36,5
32,6
36,0
33,14
37,0
34,7
32,0
34,178
36,0
35,5
34,16
37,4
33,13
36,2
35,1
33,10
37,12
35,49
33,1
34,3
35,63
32,6
35,1
36,14
35,11
34,0
34,7
35,0
34,1
40,0
34,2
31,1
35,2
32,1
35,5
35,16
34,13
36,2
34,19
35,724
35,11
34,3
35,4
34,2
35,0
34,13
37,1
34,3
36,0
38,0
35,15
34,2
36,1
34,31
35,8
34,8
36,0
36,3
34,120
34,30
38,0
32,0
34,3
39,41
39,1
34,37
34,9
35,211
34,2
27,0
35,3
35,0
36,0
34,35
34,27
35,33
36,0
34,29
34,82
36,53
34,4
36,0
36,491
36,2
34,5
36,1
32,2
30,119
32,0
37,0
34,55
45,0
34,10
30,1
34,0
34,5
36,24
32,515
36,2
38,0
34,108
33,2
35,0
34,578
34,14
35,2
36,3
36,36
42,5
35,14
36,5
36,1
36,0
36,2
33,1
34,8
36,7
37,391
32,27
32,16
42,1
33,6
34,1
46,0
34,1
33,1
33,7
34,1
36,21
35,188
36,0
35,238
36,6
34,10
35,9
40,0
34,1
34,3
38,3
34,1
33,1
37,7
36,1
35,1
35,204
37,9
39,3
35,1
32,2
35,80
38,1
32,1
35,95
37,1
35,3
35,9
34,5
39,2
33,208
38,0
35,7
33,1
36,0
33,54
37,8
40,948
35,182
36,19
35,2
32,0
34,4
38,10
36,1
35,0
34,38
35,1
36,3
34,1
35,2
35,10
35,60
36,5
35,1
35,4
35,2
35,1
34,1
34,5
37,5
36,2
34,5
34,1
34,0
35,9
36,1
36,1
30,2
35,5
37,10
36,17
32,1
34,1
35,6
32,93
35,22
33,1
37,0
34,10
33,4
35,1
34,79
40,1
34,0
35,586
32,36
37,5
34,1
35,1
36,8
35,1
33,1
31,61
35,0
34,1
34,16
32,0
35,1
34,1
33,12
35,39
37,2
35,2
36,1
33,2
36,0
34,13
35,2
35,9
34,9
34,135
35,32
34,26
36,1
36,0
38,0
34,102
36,0
36,2
37,24
37,1
33,0
33,53
34,0
36,6
33,4
36,9
37,2
36,0
32,0
36,1
36,79
34,108
36,1
36,3
34,3
37,1
35,25
36,2
34,1
36,1
36,1
37,0
37,8
34,10
32,35
35,0
36,2
36,0
34,4
40,2
37,0
35,32
37,1
36,3
36,57
34,54
34,15
33,10
36,315
35,36
36,0
34,4
32,1
35,1
36,15
34,41
34,61
35,1
34,1
36,1
37,17
36,5
36,243
38,22
34,0
35,1
34,8
37,2
36,16
35,84
38,60
35,0
38,0
36,3
36,6
30,0
36,24
36,0
34,654
32,2
36,0
36,0
36,7
33,34
38,0
35,3
32,6
36,17
34,0
35,88
36,0
35,0
35,10
35,0
32,1
37,0
36,8
35,23
34,26
37,345
38,1
33,27
39,1
34,0
36,0
35,1
34,2
37,548
36,1
36,6
32,2
35,30
34,2
32,1
33,7
33,245
35,0
35,0
36,6
35,1
34,0
36,9
40,0
33,227
34,0
34,0
36,550
35,27
37,27
36,1
34,2
40,52
34,65
35,1
35,47
33,22
35,6
35,44
34,0
35,0
32,12
33,1
36,2
34,4
32,1
38,1
33,1
37,0
31,0
36,0
35,7
35,1
34,0
34,2154
34,38
36,0
34,4
34,2
31,1
35,7
36,5
39,0
33,1
35,0
34,26
34,11
35,7
36,0
35,2
34,0
33,1
34,1
38,12
35,7
40,0
33,1
35,5
34,1
22,53
34,20
34,3
38,21
35,6
34,6
34,1
34,8
32,1
41,0
34,1
34,11
34,4
36,2
34,0
34,1
34,1
33,1
38,1
36,1
32,1
36,1
35,12
39,0
36,35
35,0
36,1
34,1
34,3
32,1
34,1
34,1
34,1
35,22
35,1
35,1
33,0
38,1
34,11
35,3
34,68
34,7
36,1
34,1
37,1
35,0
36,11
33,1
35,0
38,75
34,0
35,2
34,1
34,2
34,2
34,146
34,26
37,3
33,1
35,0
33,98
33,1
36,4
38,12
38,97
33,73
43,1
34,23
34,25
37,2
34,236
34,0
33,67
34,0
32,0
35,3
44,0
34,4
27,1
35,11
34,0
36,4
35,27
36,2
34,33
34,17
31,3
34,1
34,1
37,29
35,16
36,0
35,5
36,10
34,1
37,0
33,2
35,3
,0
35,0
35,94
35,1
35,70
35,0
34,20
36,0
34,0
36,57
36,0
34,4
38,0
34,27
37,8
35,0
36,0
36,3
36,237
,1
38,1
34,23
36,0
34,0
34,3
34,1
33,1
34,24
36,5
34,4
34,3
34,5
33,4
34,1
35,1
35,2
35,2
34,2
35,12
33,2
32,0
34,1
34,2
32,1
35,1
33,3
32,33
34,9
33,1
38,0
36,3
32,5
34,31
35,1
38,0
34,51
38,0
35,2
35,0
33,1
31,52
35,0
36,9
34,0
34,1
34,0
36,0
36,12
34,0
35,2
35,65
34,3
34,1
44,0
35,2
36,0
35,4
34,3
36,0
32,0
33,1
33,0
35,31
38,2
36,0
31,1
38,17
34,13
35,0
34,2
37,0
35,0
30,12
34,15
35,4
34,4
34,7
36,0
32,0
32,0
35,0
35,8
33,4
36,15
36,93
55,0
36,110
38,5
36,2
34,32
32,1
35,14
34,2
33,41
32,12
36,0
34,2
36,4
34,2
34,44
34,0
34,15
35,0
35,0
35,0
34,0
37,0
35,94
35,28
36,0
47,2
42,0
32,0
30,46
36,1
36,0
37,1
34,1
35,51
35,6
34,0
36,6
33,1
34,2
34,1
36,102
36,12
36,19
34,0
39,172
32,1
38,4
42,1
34,1
36,272
37,35
33,1
35,1
36,1
40,1
38,0
37,1
36,24
32,172
38,3
34,34
35,54
37,53
35,1
33,3
35,1
36,3
33,1
35,18
34,61
36,0
38,2
36,1
34,12
36,31
38,0
50,35
36,28
36,1
34,5
34,154
36,1
33,0
38,4
35,3
34,0
34,1
34,137
34,233
35,0
35,720
35,1
34,39
34,1
33,20
35,30
34,37
36,55
34,46
35,26
34,1
36,226
34,21
34,1
37,5
34,3
35,5
35,19
35,0
33,27
33,1
34,6
37,0
32,4
30,6
36,9
34,0
36,0
34,4
32,1
35,4
29,1
32,1
35,284
38,0
34,1
35,5
34,2
38,1
35,5
33,1
34,2
34,20
33,9
32,76
36,3
34,1
32,2
35,0
36,1
34,27
38,5
33,54
33,1
35,0
35,3
32,1
34,60
36,1
33,2
35,27
34,0
34,1
33,7
37,3
36,295
32,1
35,1
36,3
34,0
32,0
36,0
30,2
35,292
,0
35,4
37,2
35,4
35,5
32,3
26,0
33,0
34,1
35,19
34,0
34,18
35,30
33,78
34,18
33,3
36,0
36,0
35,0
37,49
37,63
33,1
34,75
34,0
36,0
35,43
38,49
35,1
35,76
33,32
34,2
35,16
34,103
35,1
36,1
38,0
35,1
35,3
35,16
36,2
32,1
35,2
35,0
34,13
33,3
35,1
35,8
33,3
36,0
32,56
34,52
34,7
36,10
34,1
32,14
35,8
34,8
34,0
33,99
33,378
32,12
35,5
35,0
36,120
36,0
35,2
32,36
37,2
35,22
36,3
34,0
34,1
33,37
36,1
36,1
42,0
34,22
36,3
32,16
34,1
34,5
36,1
34,29
35,3
33,0
47,0
34,1
33,74
32,4
35,2
33,31
35,0
34,0
36,0
33,0
35,70
36,46
36,1
36,1
36,6
30,0
33,29
34,0
33,23
34,0
34,1
36,0
35,16
32,1
35,23
36,0
35,2
34,1
35,4
35,0
36,1
34,1
34,12
36,0
32,1
36,2
36,8
32,1
34,1
34,23
35,16
37,6
34,42
38,1
34,2
35,2
36,193
34,1
33,1
46,0
37,7
35,4
34,1
34,2
35,1
37,0
34,1
35,24
35,3
32,1
32,2
36,1
36,0
34,247
33,4
36,4
32,0
34,187
35,1
34,1
39,5
34,389
34,1
35,6
35,131
35,0
36,5
34,0
36,72
34,31
33,8
34,3
34,1
34,61
32,1
34,2
36,2
30,1
34,8
36,0
34,0
34,3
34,1
36,0
34,68
34,1
34,1380
33,4
37,20
,0
32,3
36,0
34,1
37,0
34,42
35,5
35,4
41,3
35,1
36,1
34,0
35,6
34,64
36,1
35,0
36,8
34,62
34,1
34,36
32,4
38,0
36,1
34,2
36,39
35,4
37,31
36,0
36,2
37,1
36,0
36,260
35,5
34,9
33,1
34,1
36,0
36,1
33,1
36,94
34,0
31,4
34,0
36,3
34,1
35,5
36,0
35,0
34,3
38,17
35,1
35,16
34,0
30,7
36,0
36,46
37,37
46,19
34,17
34,1
34,0
35,7
34,1
35,92
36,4
35,4
34,1
32,177
33,8
38,9
34,1
33,25
35,2
41,36
35,6
34,185
34,3
35,1
35,65
36,0
39,0
35,5
34,1
36,0
34,11
36,425
35,1
39,1
36,0
35,4
35,1
35,0
35,1
34,0
30,44
36,1
32,18
34,0
34,69
32,1
34,0
36,0
35,27
37,3
35,5
33,0
35,96
34,0
33,212
34,1
34,50
34,3
33,25
33,1
33,10
36,1
34,4
34,23
35,2
34,1
34,0
33,0
34,2
35,1
36,16
34,1
34,2
36,0
34,1
34,12
34,3
35,26
36,0
36,0
39,35
36,12
36,0
35,0
37,0
37,1
34,3
32,131
34,6
34,193
36,7
35,8
36,5
36,5
34,0
34,186
34,25
35,2
35,1
36,1
30,64
33,30
33,4
35,0
34,0
35,0
34,2
37,2
34,0
36,0
36,8
34,1
37,3
20,141
34,4
35,2
36,16
36,0
33,35
36,0
34,1
35,0
35,13
34,9
40,11
34,16
36,10
34,0
89,0
38,4
39,1
34,38
36,0
34,0
36,11
33,1
34,4
36,2
36,80
36,54
35,93
34,2
35,0
35,107
34,1
38,1
35,34
35,19
34,0
35,0
34,70
36,100
35,6
24,2
36,8
37,10
32,8
40,8
37,79
33,65
35,2
35,0
34,1
35,44
36,1
37,2
34,0
35,1
34,4
36,2
34,45
34,0
34,2
40,0
35,32
33,13
34,77
35,44
34,1
34,1
36,1
26,5
35,0
32,1
34,4
35,15
34,1
35,7
35,23
33,22
36,13
35,22
34,4
34,1
35,4
34,0
34,24
32,0
35,2
36,0
32,0
34,12
35,1
34,38
34,13
35,872
35,73
34,5
34,1
34,0
39,1
33,1
35,1
32,5
32,1
35,0
34,4
37,1
37,1
34,1
34,6
35,1
38,4
34,1
35,1
32,2
36,1
36,1
35,9
52,1
34,14
34,0
36,0
32,10
33,0
36,102
34,1
36,27
38,1
32,0
37,1
34,51
35,2
35,189
33,53
36,11
31,3
33,25
34,10
37,0
32,0
34,9
34,31
35,2
33,1
35,0
37,1
33,198
35,1
40,19
34,0
34,0
34,26
34,0
35,82
