D,36,23,32,12
C,36,24,36,33
C,36,23,36,29
C,34,25,25,14
C,32,25,35,1
L,47,23,36,4
B,34,25,35,0
B,32,23,33,20
C,34,24,35,98
B,36,25,34,7
B,34,24,34,10
B,34,24,34,1
B,34,25,35,8
C,36,24,35,0
B,34,26,32,10
B,32,23,32,6
C,34,24,34,2
C,32,24,35,7
A,34,24,34,1
D,36,28,40,1
B,34,23,35,7
DD,32,22,32,10
A,32,24,33,1
DDD,40,28,38,4
C,34,27,38,1
D,38,28,40,0
A,33,25,35,0
B,30,25,35,0
E,44,28,36,0
B,34,23,34,414
C,35,23,36,2
C,32,22,35,6
D,38,33,44,2
C,34,25,34,1
C,38,24,35,2
B,34,25,35,0
C,36,26,34,49
C,35,25,34,2
B,32,24,34,8
A,31,24,35,1
B,32,24,34,6
D,36,26,36,1
C,34,24,35,2
C,35,23,36,1
D,36,22,36,8
A,33,22,33,68
B,33,23,34,127
C,34,23,32,10
C,34,23,33,1
DDD,36,27,38,1
D,34,24,34,0
C,34,24,35,7
B,34,24,34,3
D,36,25,36,1
B,34,23,35,15
C,34,23,34,1
C,34,24,35,1
C,36,23,33,48
D,34,26,35,13
D,32,24,34,0
C,35,25,36,2
A,34,24,36,0
B,34,24,34,3
C,35,24,36,1
B,36,26,37,1
D,36,24,35,62
B,34,23,35,4
B,32,23,34,431
B,34,24,34,4
DD,46,26,39,5
D,36,24,34,4
D,34,24,34,1
D,36,27,36,3
D,36,26,34,17
D,36,24,34,0
D,32,24,34,0
C,35,24,34,47
D,32,24,35,5
C,36,25,36,1
C,34,25,35,99
B,34,23,34,54
B,34,24,34,0
A,35,25,36,11
D,36,24,36,1
A,34,25,34,1
DDD,36,23,35,2
C,36,26,35,16
D,36,23,35,9
C,36,23,36,0
B,34,24,35,1
B,33,23,34,41
D,34,23,38,211
B,34,24,34,1
C,36,21,36,8
A,35,23,34,1
DD,34,26,38,1
B,33,24,35,4
C,35,24,34,18
DD,34,24,33,4
A,33,23,33,1
C,34,28,35,1
C,32,25,34,1
C,34,27,39,0
D,34,27,37,746
DD,40,23,36,6
C,34,25,34,5
C,35,24,35,1
B,34,24,34,2
C,38,17,36,32
B,34,23,33,23
C,34,25,34,47
C,34,22,34,27
B,34,22,35,0
B,32,24,33,78
C,34,22,36,3
C,34,24,33,12
B,30,24,34,10
B,32,24,34,25
A,32,28,32,0
D,34,22,33,1
B,32,25,31,1
DD,32,24,30,0
D,35,25,34,1
C,32,24,34,3
D,34,24,34,1
B,34,24,30,7
D,34,23,34,1
A,34,24,34,1
D,36,26,35,13
C,36,24,34,93
A,33,25,33,1
D,34,25,33,104
A,32,24,35,1
A,34,26,34,0
C,36,25,35,1
B,34,24,34,2
B,34,26,36,4
B,34,23,35,40
A,32,23,33,554
G,32,25,32,3
A,30,24,32,200
B,34,24,34,1
B,32,23,33,0
C,32,26,38,1
C,34,25,36,65
D,34,24,34,2
D,34,25,36,5
C,36,24,34,1
C,36,23,36,37
D,40,24,36,8
B,37,29,39,0
B,32,24,34,85
B,32,26,33,27
D,34,22,34,4
B,34,24,34,2
B,32,25,30,12
A,31,24,35,5
B,34,23,34,1
A,32,25,36,0
B,34,24,34,1
B,32,24,36,14
D,32,24,35,6
E,40,24,34,41
B,33,24,35,7
D,36,28,35,11
D,37,22,35,1
C,35,28,34,328
A,33,24,35,1
B,32,24,32,0
D,34,24,34,0
A,32,23,34,2
B,34,24,33,38
D,32,25,36,2
A,33,23,33,0
B,34,24,35,7
B,30,22,33,14
DD,32,25,36,1
C,34,26,36,0
A,32,23,33,2
D,34,24,36,1
D,34,24,36,0
B,34,24,36,6
A,32,25,35,2
B,34,25,34,53
B,32,24,34,1
C,30,23,33,55
D,32,23,35,6
C,32,24,36,1
C,34,25,37,1
D,36,22,32,1
C,34,24,32,1
D,38,28,37,1
B,34,25,34,6
C,32,28,33,1
B,32,24,32,0
D,34,24,34,3
DD,41,26,38,4
B,36,24,34,35
DD,32,24,36,8
A,32,23,33,3
C,34,24,34,43
B,34,25,35,23
C,36,27,35,125
A,32,21,32,2
D,32,22,34,0
B,34,25,35,2
DD,34,22,33,0
D,34,24,33,0
E,34,25,40,1
C,34,24,35,0
C,37,24,37,0
B,32,22,32,30
F,36,24,38,1
C,33,24,36,0
B,34,25,33,26
C,32,25,35,0
B,33,24,34,8
B,36,25,36,9
F,38,26,36,19
EE,42,24,35,2
B,34,25,35,5
C,30,23,33,326
C,34,26,35,21
C,34,24,34,1
C,34,24,34,108
D,36,24,27,1
B,32,24,32,0
A,36,28,32,0
C,34,26,34,2
C,35,24,35,77
C,34,24,35,0
C,34,23,34,3
C,32,24,32,0
B,36,25,36,1
B,32,23,34,4
DD,34,26,36,0
B,34,22,37,42
B,36,25,37,124
B,34,25,35,0
DD,34,26,38,4
C,34,23,35,2
B,30,23,33,15
DD,37,29,36,0
C,34,27,40,6
B,36,24,34,0
C,34,23,34,21
C,34,23,33,190
C,36,24,34,1
B,35,24,35,0
D,38,33,37,1
C,34,26,32,1
A,31,23,34,0
C,36,23,34,1
D,34,22,33,1
C,36,26,36,2
C,34,26,35,13
C,37,23,34,1
A,34,24,36,0
C,36,24,34,21
B,34,24,35,102
C,34,25,34,243
C,36,23,34,1
D,34,26,40,1005
C,34,24,36,1
DD,40,27,36,0
B,34,24,35,1
DD,34,24,35,4
A,31,23,34,1
B,34,27,33,1
B,32,24,37,0
B,34,24,33,8
D,36,26,32,231
D,36,27,35,1
C,36,26,34,2
E,36,23,33,4
C,36,24,38,21
B,34,26,32,50
DD,36,27,36,17
B,36,23,33,26
D,34,25,34,18
B,32,23,34,1
D,34,24,34,1
C,34,23,33,38
D,36,23,35,1
C,36,27,35,35
C,35,25,34,283
B,34,24,35,1
B,32,22,35,4
B,33,23,33,302
C,34,28,38,16
B,34,28,36,2
B,34,22,33,0
A,32,24,33,1
A,32,24,34,1
C,33,25,35,0
B,34,23,36,95
B,32,23,32,156
C,36,26,37,34
C,36,24,36,16
B,34,25,35,2
B,34,26,32,0
B,36,24,36,1
A,34,25,36,2
A,30,24,35,4
B,36,28,36,2
B,34,23,33,8
DD,34,25,41,1
C,32,23,34,1
B,36,24,36,0
D,35,24,35,1
B,34,26,36,2
DD,34,28,35,0
A,32,24,28,0
B,34,23,34,374
C,37,28,35,19
B,34,23,34,1
DD,32,24,35,2
D,36,27,38,1
D,36,24,34,2
C,35,24,34,2
D,36,24,34,0
B,34,25,35,8
C,35,23,34,16
C,34,23,34,2
C,38,24,35,1
B,34,22,35,114
A,32,24,36,0
B,34,26,37,517
B,34,23,33,109
C,37,30,38,2
B,33,22,34,1
DD,32,22,24,7
B,34,30,36,30
D,34,25,38,7
D,36,25,34,19
C,34,24,34,6
C,34,25,35,5
C,36,25,35,1
FF,42,28,32,1
D,42,23,35,4
C,34,24,34,2
C,32,23,34,0
C,32,22,32,30
A,32,25,34,0
B,32,26,34,0
D,38,28,34,47
DD,48,24,36,7
C,34,24,36,35
DD,38,26,36,0
D,34,2,35,12
C,30,24,34,1
B,32,24,32,28
C,34,24,34,2
A,34,26,34,0
B,34,24,36,26
B,34,25,30,16
A,32,24,34,1
C,36,24,35,2
B,32,24,36,5
A,32,23,34,36
D,38,27,43,1
B,36,24,34,2
D,36,37,38,0
C,34,25,35,7
C,34,24,32,10
C,34,26,35,8
J,56,25,35,13
C,35,25,34,2
D,34,25,34,1
B,34,25,34,56
B,36,26,36,0
C,34,27,35,0
D,32,26,33,1
C,34,25,36,713
AA,36,23,34,2
B,34,24,35,4
C,34,24,34,10
C,34,26,38,0
B,35,26,36,1
C,36,24,38,0
D,40,28,38,11
B,36,27,37,94
C,35,24,35,0
B,34,24,36,1
C,34,24,34,0
A,32,23,34,1
A,24,23,33,2
A,32,24,34,5
B,34,24,34,519
C,36,22,35,0
D,34,26,33,1
C,34,23,34,0
C,32,26,34,1
B,34,26,35,13
B,34,25,34,7
B,34,23,34,129
DD,34,24,34,110
B,32,23,33,99
B,32,25,37,0
DD,54,44,48,4
B,32,26,38,0
C,34,24,35,1
C,36,23,35,1
A,34,27,32,9
C,35,25,36,58
A,32,24,33,1
C,35,23,35,0
GG,32,25,37,1
B,37,24,36,20
B,32,24,33,1
B,36,24,35,69
A,32,22,35,0
C,37,25,37,10
B,34,26,33,2
DD,34,24,34,2
B,34,24,34,196
C,34,22,34,0
C,34,24,34,5
B,24,25,35,0
B,34,23,33,14
B,32,23,32,102
B,34,24,34,62
B,36,24,36,2
D,34,24,33,2
C,35,27,36,4
C,34,26,33,419
C,34,25,34,24
C,36,26,32,0
C,33,24,34,26
DD,39,24,36,6
B,34,26,39,10
B,34,24,34,0
D,35,23,35,1
B,36,28,36,1
A,33,25,35,1
DD,34,26,34,0
A,34,24,34,1
B,34,26,37,14
C,32,27,34,97
B,34,24,33,11
C,34,25,35,15
J,34,25,36,7
DD,42,34,42,42
D,36,24,35,1
D,36,24,36,21
D,34,24,34,3
F,48,24,36,3
D,34,24,36,0
DD,36,23,34,1
DD,34,23,35,36
C,34,23,33,1
C,34,24,35,9
B,34,26,35,4
C,34,24,36,271
C,34,24,34,0
C,35,26,37,0
B,34,22,35,5
B,30,23,33,8
B,32,24,35,2
DD,36,25,36,6
DD,30,24,32,18
C,37,23,36,0
B,34,24,35,1
B,34,25,34,1
C,36,24,36,0
DD,46,38,47,0
C,32,25,33,0
B,34,24,33,1
DD,38,24,35,8
C,33,26,35,1
DD,32,26,35,1
DD,38,24,35,1
D,34,24,34,0
AA,36,23,34,1
DD,43,37,47,0
D,34,24,35,24
D,34,24,35,67
C,34,25,36,1
DD,34,22,34,0
B,34,25,36,1
C,34,24,36,0
B,34,23,36,14
F,32,25,35,7
C,34,24,37,5
B,34,22,32,12
C,34,25,34,1
B,30,23,33,333
D,36,27,36,78
D,34,24,36,2
B,34,22,34,689
D,32,24,33,2
A,34,24,37,32
D,38,25,36,2
DD,34,29,40,1
AA,34,23,33,1
C,34,27,36,0
B,36,26,37,5
C,35,25,36,13
B,32,26,33,1
B,34,24,34,0
D,34,24,34,1
B,34,24,33,4
C,34,24,32,1
B,33,24,32,1
C,34,28,36,0
C,36,27,36,290
C,36,26,36,5
DD,36,25,36,0
B,34,24,33,3
B,34,26,33,71
DD,35,25,35,1
DD,36,26,38,83
C,34,25,35,1
B,35,24,35,69
B,32,23,32,2
B,36,24,36,0
D,35,24,34,0
B,36,26,38,2
B,33,22,33,27
B,35,22,33,0
B,30,24,32,166
B,36,24,36,18
C,36,26,36,1
C,36,25,36,54
C,34,23,35,4
C,34,24,36,0
C,37,26,36,154
C,37,24,36,5
C,34,24,34,0
A,32,23,33,4
B,32,23,34,1
D,34,25,36,0
A,34,24,35,1
B,35,25,34,1
C,34,25,35,28
B,33,24,33,7
B,34,25,35,29
C,36,24,36,12
B,34,23,33,5
C,34,28,36,47
B,36,24,38,1
A,34,24,34,1
DD,32,26,36,1
A,32,23,34,5
C,36,22,32,3
C,34,26,36,0
B,34,26,34,32
D,35,25,35,1
B,32,24,35,1
DD,34,22,34,1
C,34,24,36,1
C,34,23,33,1
C,34,24,34,0
DD,38,21,34,6
B,32,25,32,4
B,32,23,34,1
B,34,24,36,1
C,36,22,36,9
C,34,27,36,0
A,33,22,33,1
C,33,23,35,2
D,36,23,32,2
B,36,26,36,19
B,88,60,90,0
D,32,24,34,0
D,36,24,36,2
D,37,24,36,1
B,32,24,34,3
B,33,24,35,1
C,34,24,34,4
B,34,24,34,6
C,34,24,35,2
C,36,26,37,149
B,34,25,35,9
C,37,28,36,6
A,34,24,34,4
A,34,24,35,143
C,35,22,35,1
D,36,26,35,0
C,35,18,36,8
B,34,23,34,1
DDD,34,23,31,7
D,34,24,34,2
D,32,24,35,3
B,34,24,34,29
A,29,23,34,0
DD,36,29,44,0
C,33,25,36,2
B,34,25,36,107
C,32,26,37,1
B,34,25,34,1
F,37,26,37,1
B,33,24,34,0
B,34,24,34,0
D,36,25,35,1
B,34,24,34,7
B,34,23,33,562
C,36,26,36,4
C,35,26,35,102
B,34,23,35,1
A,34,24,33,1
C,34,27,35,1
C,34,24,34,17
D,36,22,33,1
B,33,24,34,2
C,32,25,36,0
C,35,23,33,0
C,35,23,34,0
DD,36,24,34,36
B,33,22,33,0
A,32,23,33,1
C,36,24,34,0
C,36,26,36,350
D,34,28,36,3
A,34,28,38,0
B,36,25,34,246
B,32,25,30,1
C,34,24,36,8
B,34,24,34,54
D,36,24,34,1
C,34,23,34,1
B,32,24,32,33
B,34,26,36,1
B,34,25,35,1
B,34,24,33,0
A,38,25,36,0
D,33,24,34,1
D,34,24,35,2
D,36,25,35,12
B,34,25,38,314
B,34,25,34,13
B,36,24,35,2
D,34,24,34,0
B,35,25,35,2
A,33,23,34,4
C,36,26,36,2
C,34,24,35,141
C,35,25,34,1
J,60,24,37,6
B,34,24,35,12
B,32,27,34,0
C,34,24,34,2
C,34,24,35,7
C,34,23,33,433
DD,36,26,37,0
A,34,25,35,0
A,32,24,34,2
DD,34,24,35,2
D,34,24,36,0
B,32,24,34,1
C,34,26,34,2
C,38,28,42,20
A,32,24,34,0
D,32,23,32,1
DD,34,26,36,0
C,35,24,36,1
A,33,24,33,4
C,34,24,33,3
B,34,25,36,18
D,34,25,36,1
C,32,23,33,1
B,34,25,35,31
C,34,27,35,11
DD,36,26,36,4
D,36,28,39,95
B,32,24,34,13
DD,36,24,34,7
D,34,26,33,0
B,36,24,36,114
B,34,24,34,1
D,36,29,34,3
A,30,23,30,274
C,36,23,33,5
B,34,25,34,13
B,32,24,35,1
C,34,23,34,0
A,32,24,35,16
A,32,25,32,4
B,32,24,33,179
A,32,23,34,0
DD,36,21,33,0
C,36,25,35,129
C,34,25,34,1
A,34,25,35,1
C,35,25,35,2
C,34,24,35,7
A,34,25,26,0
C,34,23,36,0
DD,34,26,37,16
A,34,26,36,0
F,36,28,38,0
C,36,24,36,0
C,34,24,37,11
C,36,24,36,10
B,34,24,34,7
B,36,27,33,21
DD,31,23,32,0
C,32,25,36,1
B,34,26,34,2
D,34,24,34,19
B,34,26,36,74
C,34,24,36,1
B,30,24,34,0
B,32,23,34,1
D,36,24,36,28
C,34,24,35,0
B,34,25,35,8
B,34,24,35,2
C,32,25,32,60
A,34,25,35,1
C,34,24,35,0
C,36,23,34,9
DD,36,26,36,0
A,32,23,34,1
C,36,25,35,29
A,32,24,32,11
B,36,24,34,1
AA,36,23,33,2
C,36,26,36,1
B,34,28,37,1
B,36,25,36,13
A,32,22,32,0
B,34,24,34,1
B,34,24,34,52
B,33,23,33,27
B,34,26,32,6
A,34,23,34,0
A,32,27,34,0
B,34,23,33,1
L,59,28,36,18
B,34,26,35,157
B,34,25,36,0
AA,32,23,34,29
C,34,24,35,0
A,30,23,33,1
C,34,24,34,0
D,34,24,30,0
B,32,22,33,171
C,34,23,34,161
DD,36,24,36,0
DD,37,23,35,8
B,32,26,35,23
A,32,23,33,1
A,33,23,33,80
F,30,25,33,3
DD,34,24,34,10
B,30,22,30,16
A,33,25,32,1
B,34,25,35,18
C,34,26,36,2
C,34,24,35,0
D,36,23,34,6
C,36,24,36,2
B,32,24,32,67
D,37,24,35,0
D,35,25,34,1
B,34,25,34,14
D,36,25,36,2
D,36,26,36,0
B,34,24,34,1
B,33,23,34,99
J,44,25,35,2
B,34,24,35,194
A,34,24,34,1
D,32,25,32,0
B,,25,36,0
A,32,24,32,789
A,34,25,35,43
E,32,25,36,0
B,34,25,35,1
C,34,25,36,50
B,32,26,33,0
B,34,22,34,2
B,34,26,35,77
B,32,27,37,0
D,36,23,38,2
B,36,27,36,9
B,34,24,36,17
DD,36,25,36,21
DD,36,26,38,105
C,35,24,35,2
C,34,23,36,9
A,32,26,33,0
B,36,28,36,1
C,33,24,35,0
B,34,26,34,23
B,34,24,35,1
D,34,24,38,2
DD,34,28,32,16
C,34,24,34,0
B,32,26,34,1
C,36,21,35,0
C,32,24,33,1
B,34,20,30,33
D,42,24,36,3
D,39,23,38,11
DD,36,26,36,17
B,34,24,34,0
C,32,25,37,0
C,34,25,37,1
C,33,23,32,1
C,34,25,36,0
B,33,23,35,3
C,32,26,34,0
C,35,24,36,13
C,34,27,38,0
B,32,28,36,0
D,39,24,36,7
B,34,24,34,16
B,34,24,34,7
D,34,27,37,0
B,34,28,35,1
DD,36,25,35,0
C,34,24,34,7
C,35,23,34,37
B,34,24,36,24
B,34,23,36,1
DD,32,25,34,4
C,34,23,34,1
C,34,24,34,11
A,33,24,34,2
A,37,30,37,15
C,34,24,34,1
C,34,23,34,135
DD,34,25,33,0
A,33,24,33,1
B,32,24,34,2
B,34,24,32,17
B,36,25,35,60
C,35,25,37,62
B,30,22,31,0
B,33,22,34,3
B,34,27,37,2
B,36,25,35,21
C,35,25,25,45
C,34,23,33,1
B,32,24,35,0
B,34,23,33,0
B,36,24,35,4
B,34,24,34,10
B,34,24,35,1
B,34,25,35,5
C,36,26,34,1
D,32,23,34,0
D,42,22,36,5
B,34,25,35,33
B,34,24,34,19
C,34,23,35,5
B,34,24,34,4
B,34,23,34,1
A,32,24,36,1
C,32,24,35,9
B,32,23,30,36
DD,34,28,34,0
GG,36,26,36,5
C,32,24,34,2
C,34,24,34,0
B,34,26,36,406
DDD,38,26,37,5
HH,44,24,35,4
B,34,25,35,1
DD,34,24,36,4
A,36,24,33,5
C,33,23,35,21
C,35,24,34,11
B,34,24,34,1
C,36,23,33,0
C,36,23,35,1
F,32,25,27,0
C,32,25,32,152
A,32,23,33,2
B,34,24,34,24
B,34,25,33,18
DD,34,26,35,8
C,35,25,35,6
DD,36,23,35,16
DDD,38,25,41,1
C,34,24,35,9
B,36,27,34,28
B,34,25,35,5
A,34,26,37,1
E,36,23,35,3
B,34,24,34,58
DD,34,26,34,22
D,34,24,34,47
B,34,23,34,3
B,35,22,35,57
B,32,25,31,3
B,32,26,30,37
C,34,24,34,9
B,32,24,34,7
C,34,23,34,1
D,32,21,35,14
D,30,20,31,0
B,34,32,34,2
B,34,24,34,6
C,36,26,30,367
B,32,24,33,1
D,34,24,36,4
B,34,25,36,1
DD,36,24,46,0
C,34,24,32,2
A,35,24,34,5
C,36,25,35,1
C,33,24,34,14
B,34,24,24,66
C,36,34,36,0
B,32,23,34,10
GG,38,22,35,2
B,34,24,36,4
E,32,24,33,0
B,34,25,34,1
B,36,26,36,0
C,34,25,35,7
C,36,24,35,0
DDD,36,24,34,0
C,34,23,35,8
B,32,24,33,48
B,34,22,32,1
B,34,23,34,230
B,32,27,36,24
D,34,24,34,3
C,34,24,34,0
B,29,24,34,0
AA,31,24,34,0
A,35,23,33,12
C,36,23,34,2
D,34,26,34,10
D,40,25,35,1
B,36,23,36,3
C,34,21,35,26
G,35,23,33,6
C,36,26,37,1
F,32,24,33,12
C,34,28,32,8
D,34,25,35,2
DD,39,24,35,0
C,37,25,36,40
D,36,26,36,1
B,34,24,34,0
C,34,24,34,53
C,36,25,35,1
B,34,25,37,1
A,32,26,36,0
B,32,24,35,27
C,36,25,34,1
A,33,23,34,353
C,36,24,35,72
DDD,38,28,38,1
D,34,25,34,15
G,40,24,35,3
B,34,26,36,8
B,34,23,35,10
B,34,24,36,0
B,34,24,35,1
B,34,23,34,4
D,34,24,34,3
C,34,24,36,19
B,34,25,35,1
B,30,23,32,0
DD,32,24,32,0
E,34,28,34,2
C,34,27,35,3
B,34,25,34,10
G,38,27,39,2
C,33,24,36,7
DD,36,26,34,10
C,34,26,35,162
C,35,24,34,5
C,35,24,32,1
B,32,24,35,1
B,32,24,33,1
B,36,25,34,30
D,35,24,34,0
C,35,24,35,0
B,36,24,35,3
DD,32,25,34,1
A,34,24,36,4
B,34,23,33,1
D,34,26,36,15
B,33,23,34,9
D,34,25,35,6
D,34,26,38,724
D,34,22,28,19
C,34,24,34,59
B,32,24,34,2
B,36,34,34,6
C,35,23,34,2
B,35,23,34,8
C,34,24,34,3
B,32,24,34,8
C,34,23,34,0
D,34,26,38,12
AA,32,25,34,177
C,36,25,35,1
B,34,24,34,47
B,32,20,32,138
B,32,23,32,4
D,32,22,34,1
B,32,24,33,23
A,32,23,33,1
C,34,23,33,1
E,34,24,36,2
A,32,24,33,2
B,38,29,38,10
C,34,23,33,7
B,36,26,36,25
DD,34,25,36,5
D,36,26,34,0
C,34,22,34,0
B,34,26,30,13
C,34,24,36,1
C,34,24,33,0
C,34,24,35,20
C,34,26,34,0
D,38,34,44,1
E,30,26,36,3
FFF,34,24,34,3
DD,34,21,36,12
B,34,24,36,37
B,34,25,36,1406
DD,34,24,35,0
C,32,21,31,0
DD,34,24,34,4
D,36,24,35,3
B,34,23,35,1
B,34,22,34,144
C,34,26,30,2
D,34,24,34,4
B,36,27,34,28
B,35,24,35,7
C,36,24,34,0
B,34,24,34,9
B,29,24,34,0
DDD,32,26,34,29
C,34,22,35,5
A,33,24,33,1
C,35,24,35,13
C,34,23,33,1
D,34,26,34,1047
D,34,25,36,2
C,35,22,34,0
B,34,26,30,0
D,36,25,38,3
B,33,23,34,0
B,34,25,35,7
C,35,24,32,22
DDD,34,24,35,10
A,34,24,35,2
B,33,24,33,1
C,35,24,35,7
B,34,25,33,4
B,34,24,36,0
C,36,25,35,1
A,34,27,36,5
B,34,24,34,5
G,38,37,50,0
DD,36,24,35,0
B,35,25,35,11
B,36,27,38,16
C,34,24,35,6
C,34,24,35,9
D,34,25,34,0
B,38,27,37,0
B,33,25,35,1
D,38,22,36,0
B,34,26,33,12
A,33,23,34,5
D,40,25,37,10
B,34,26,36,0
B,32,25,33,1
C,35,25,35,0
A,30,24,30,0
A,28,20,28,2
C,34,23,34,1
C,34,22,35,18
B,34,27,35,41
C,35,27,36,1
B,34,26,35,381
B,34,22,31,1
B,34,30,38,0
D,32,22,34,53
A,36,26,35,18
B,34,24,27,12
DD,33,23,36,0
D,34,26,34,2
B,34,24,34,15
A,32,23,33,1
C,32,28,32,0
B,34,25,34,23
B,34,25,34,2
D,36,22,35,0
B,34,23,33,94
C,36,24,36,3
C,34,24,34,0
B,36,24,32,0
DD,34,25,33,0
C,35,24,34,0
D,32,26,33,0
B,30,23,34,1
C,32,24,32,15
C,32,24,35,0
D,34,27,36,72
D,32,26,34,1
A,32,23,35,0
D,36,24,36,1
C,36,26,37,0
D,38,28,38,1
D,34,24,34,30
C,36,24,34,2
C,34,24,34,1
A,34,27,31,2
B,30,28,30,25
C,35,23,35,164
AA,36,23,33,1
D,34,25,36,783
D,34,23,34,12
C,34,29,35,0
B,34,26,38,0
DD,34,23,33,29
C,32,24,36,1
D,34,25,32,78
C,36,26,35,1
D,34,24,34,3
B,36,26,35,4
B,34,26,35,0
C,34,24,34,45
A,35,23,33,2
A,34,24,36,0
D,36,24,36,27
D,34,21,33,0
B,34,24,34,7
A,35,25,36,0
C,34,25,34,1
C,36,28,39,1
C,34,24,35,6
B,36,24,36,5
B,32,24,35,111
A,32,25,36,0
B,32,25,34,1
DD,36,25,26,0
C,40,24,37,0
DD,34,28,38,0
C,38,23,35,16
C,36,24,37,3
B,33,25,36,1
DD,38,28,33,0
B,33,24,35,0
DD,34,23,32,38
C,36,24,36,0
B,34,24,34,22
C,34,23,34,0
D,36,23,36,16
C,36,23,32,1
C,32,24,34,2
A,34,23,33,1
DD,36,30,36,0
C,34,25,35,5
C,37,27,38,11
B,32,23,32,2
B,32,26,36,0
B,30,23,33,23
D,40,30,38,25
D,32,24,36,16
A,32,25,35,1
B,35,25,34,194
B,35,24,35,31
D,35,25,38,0
C,35,23,36,1
A,33,24,36,20
C,32,23,34,19
DD,36,20,34,5
B,34,23,35,1
A,34,23,33,1
B,36,24,34,1
DD,34,24,36,1
C,32,24,36,0
C,32,25,33,1
D,36,24,34,198
A,34,27,36,0
C,34,24,34,18
C,32,24,35,0
C,36,29,34,18
B,34,23,35,131
A,33,25,33,1
B,32,24,33,1
DD,41,23,37,48
D,34,23,35,2
D,34,25,34,10
C,36,23,34,133
C,36,26,37,0
D,34,24,35,2
B,32,24,35,0
A,30,23,32,1
B,34,25,33,40
B,34,27,35,1
B,34,25,34,112
B,34,25,34,13
B,34,24,35,18
C,36,23,36,2
C,34,25,35,1
D,34,24,36,1
C,34,24,34,1
B,34,27,37,0
D,34,28,31,1
B,32,24,36,1
B,34,25,32,42
A,34,24,32,1
D,34,24,34,9
B,36,26,26,94
D,34,26,35,0
C,34,26,38,3
A,33,22,32,2
B,34,24,34,4
C,36,28,34,14
C,34,24,35,1
B,36,27,34,35
B,36,26,34,5
DD,34,24,35,9
B,32,25,34,9
D,36,26,36,6
B,33,24,34,16
C,35,22,34,2
C,36,25,35,1
B,32,22,32,104
B,32,23,32,2
C,34,23,35,3
C,36,27,36,5
A,34,24,35,11
D,38,23,34,0
B,32,24,33,52
B,34,26,42,0
B,34,23,35,2
B,34,24,36,2
DD,37,26,42,1
B,34,22,34,0
A,34,23,34,2
C,34,24,34,0
C,34,24,34,6
GG,28,24,35,3
C,38,25,36,0
B,35,23,35,0
C,34,25,35,0
B,34,26,35,0
C,34,27,35,195
D,34,24,35,1
C,36,27,37,15
D,31,25,36,0
C,36,24,35,1
D,34,24,34,11
B,36,26,36,23
C,36,25,35,0
A,32,25,35,0
C,34,26,36,1
B,34,25,35,1
B,32,24,34,0
B,32,23,29,0
B,32,24,34,1
B,34,24,34,1
B,36,26,37,7
C,34,23,35,2
C,34,25,34,0
C,36,26,36,17
B,34,25,35,72
DD,34,26,36,1
DD,34,26,28,1
B,34,24,34,0
C,36,27,38,0
DDD,34,23,33,1
C,32,28,34,1
B,33,24,35,1
C,32,24,32,0
B,34,24,34,1
B,36,27,37,3
C,34,26,32,1
C,34,27,38,1
C,33,25,33,18
A,32,23,32,1
D,34,24,35,5
C,36,23,34,0
C,34,26,36,80
C,34,25,34,1
A,32,22,30,1
B,34,25,33,10
F,30,26,36,11
D,35,26,36,1
EE,40,26,36,32
C,34,24,34,20
C,35,24,35,1
C,32,25,34,1
C,37,24,35,3
A,32,23,33,0
E,34,24,34,1
C,35,23,35,27
DD,35,25,32,8
DD,38,24,36,2
C,36,24,34,1
C,34,24,34,5
D,36,23,38,0
B,36,28,38,17
DD,41,25,38,0
D,38,34,46,172
E,34,27,35,2
A,33,24,32,26
B,34,27,35,0
B,34,25,38,0
DD,36,24,36,1
B,32,23,34,2
B,34,24,35,88
B,34,24,34,15
C,34,24,34,6
C,34,24,35,1
B,36,25,34,26
C,35,25,36,1
C,34,24,34,237
A,33,23,33,0
D,34,25,34,0
C,34,22,34,2
B,34,26,34,66
C,34,24,36,91
B,34,26,36,122
C,36,25,36,7
C,36,24,34,1
C,30,24,34,71
B,32,23,33,56
A,32,24,34,0
C,29,26,33,0
B,32,24,33,2
C,36,25,35,1
A,33,24,34,16
C,34,3,34,70
B,34,24,34,0
C,36,26,36,10
A,32,27,33,14
C,34,27,35,28
D,34,24,36,4
B,33,25,36,0
EE,38,23,35,1
D,34,26,36,42
DD,34,26,38,1
D,36,24,35,1
A,28,26,36,0
B,33,34,33,24
B,36,24,34,1
C,34,28,38,1
C,36,26,36,25
C,34,27,35,2
DD,32,25,35,41
DD,34,26,34,9
C,34,22,34,2
D,34,28,31,29
C,34,24,34,0
B,36,24,39,13
A,34,23,35,1
B,32,23,34,0
C,34,22,36,1
DD,34,25,33,0
C,34,22,33,0
B,35,23,34,0
A,34,27,34,1
B,32,23,32,34
DD,34,25,35,10
B,36,24,37,4
C,37,25,37,17
D,34,28,36,1
C,32,28,38,1
A,34,25,37,9
D,32,24,33,0
D,34,24,35,13
C,34,24,33,1
C,34,24,,0
A,36,28,38,0
A,32,24,34,1
B,34,29,38,4
A,32,23,33,0
B,34,22,34,1
A,34,27,39,0
B,34,24,34,15
B,35,23,35,0
B,34,25,35,0
B,36,28,36,33
D,38,24,37,0
B,34,28,36,16
B,34,25,35,74
DD,38,26,36,0
D,34,25,33,2
C,34,24,35,2
A,35,24,34,3
C,33,23,34,7
B,34,25,24,52
D,39,25,38,1
A,30,24,32,5
C,35,23,35,2
C,36,23,32,1
C,34,24,34,2
C,32,23,35,2
E,38,24,36,16
B,32,24,32,16
A,34,27,34,9
C,32,24,36,1
EEE,44,28,39,12
C,34,24,35,1
D,36,29,42,0
B,33,24,26,1
B,32,25,35,9
C,34,29,39,1
B,35,24,35,101
B,34,28,36,10
B,36,25,34,10
DD,39,24,36,0
B,34,24,33,1
C,34,23,32,2
C,37,25,36,28
B,33,24,35,0
B,34,24,34,3
C,37,23,36,56
B,34,24,33,15
C,32,23,33,4
A,35,25,35,1
A,34,23,34,42
D,32,21,30,4
B,32,24,34,5
C,34,24,34,1
A,31,24,34,0
D,36,26,38,1
B,35,24,36,3
D,34,26,34,1
D,34,25,34,0
B,33,24,34,1
DD,34,29,42,2
B,34,24,35,0
B,34,24,35,0
B,36,26,32,7
B,34,24,34,69
B,32,23,33,19
DD,34,24,34,1
A,34,22,33,0
B,32,23,34,0
B,34,27,37,0
B,32,23,34,25
A,33,24,33,213
D,35,25,34,1
B,36,25,34,8
DD,34,26,34,6
D,32,24,35,6
E,32,26,35,1
D,34,24,34,6
C,37,25,35,1
DD,36,24,36,1
B,34,25,35,260
C,32,24,33,14
B,34,23,33,3
D,34,24,34,3
DD,32,24,34,8
A,33,22,33,1
B,34,24,36,1
D,42,24,34,0
B,34,23,33,132
C,34,23,34,11
C,33,26,34,1
D,36,25,35,30
B,34,24,34,2
B,36,24,30,0
C,32,25,36,2
C,36,24,34,1
B,34,24,33,167
A,33,24,34,6
B,34,26,36,1
F,36,27,37,0
B,30,23,33,28
D,40,22,36,0
C,34,24,35,1
B,34,24,34,1
B,32,24,34,41
FF,34,26,34,18
D,36,24,37,0
B,34,23,34,2
B,32,24,34,7
C,32,24,33,1
C,34,24,36,1
B,36,25,34,1
C,35,26,35,1
A,32,23,34,2
B,34,26,32,51
DD,34,26,38,0
C,34,24,33,1
A,32,24,34,44
C,36,25,36,0
D,34,26,34,1
A,32,22,32,1
B,34,27,35,1
DD,32,24,35,3
C,36,26,35,472
C,36,24,35,3
B,34,25,34,39
B,32,24,33,35
B,32,24,34,54
C,34,26,35,0
H,36,27,37,1
D,35,24,34,0
B,34,23,35,1
B,30,24,34,15
E,32,27,39,2
DD,34,23,34,7
B,33,24,34,1
C,34,24,34,10
A,34,23,34,1
C,36,27,35,1
D,34,26,35,49
D,34,24,36,1
A,34,24,33,1
C,36,27,37,0
A,34,26,33,7
D,36,23,36,1
B,30,25,35,20
B,34,25,35,61
B,38,26,36,12
D,36,27,38,3
C,37,26,37,0
D,34,24,34,0
B,34,22,35,0
B,31,24,35,0
B,24,26,30,13
C,34,25,35,2
D,34,24,34,4
D,38,30,36,0
C,35,26,35,22
B,34,26,32,16
H,32,28,30,1
C,35,25,36,9
C,36,23,32,2
DD,36,24,38,0
B,34,24,35,2
A,34,24,36,0
C,34,26,36,2
B,32,24,36,100
A,32,23,33,25
B,34,23,36,13
DD,30,23,32,1
B,34,26,32,5
B,35,25,34,1
A,32,23,32,29
B,32,23,34,1
B,34,24,36,0
A,34,24,34,14
B,34,26,36,18
C,32,26,38,1
C,35,24,34,170
B,34,23,33,17
B,34,26,35,0
AA,36,23,33,1
C,34,25,36,57
C,34,28,38,1
B,34,26,34,0
L,164,23,34,37
A,34,24,34,2
EE,40,23,34,2
DD,39,28,36,100
A,32,24,28,4
DD,37,24,34,0
C,34,23,34,10
A,33,25,30,5
C,34,20,36,1
AA,36,23,33,1
B,36,25,36,91
A,34,24,34,0
C,32,24,34,1
DDD,36,19,32,5
D,34,22,34,5
DD,36,23,35,28
B,34,28,32,0
A,34,27,37,0
C,38,28,39,1
C,34,23,35,16
B,34,27,35,1
A,33,28,34,0
A,32,23,33,2
A,32,23,34,1
B,34,24,37,9
D,36,24,36,1
G,34,28,36,2
C,36,27,36,6
A,30,24,32,44
D,36,30,28,1
A,34,27,35,0
C,34,24,34,20
B,34,25,35,15
L,65,21,40,8
DD,36,26,36,23
B,34,23,33,94
A,34,24,35,0
C,34,26,36,0
B,32,25,36,0
A,34,24,35,1
D,30,24,36,1
C,34,26,37,1
A,32,24,33,5
E,38,24,36,1
B,34,24,35,8
B,34,24,34,1
C,35,24,34,1
D,34,23,34,0
C,34,26,34,1
B,32,26,34,15
D,36,26,36,0
C,36,25,34,0
A,35,24,34,27
B,35,25,36,0
B,34,23,35,43
D,36,26,36,23
A,30,28,35,160
B,34,24,35,210
A,31,24,31,0
DD,34,24,34,19
C,34,24,36,0
A,32,23,34,8
DD,32,26,32,2
C,34,26,36,2
A,34,26,36,2
C,35,25,35,1
B,32,24,35,0
C,36,24,36,1
B,34,24,34,1
B,32,24,36,2
B,32,24,35,0
C,36,22,34,0
B,34,24,40,1
B,34,24,35,27
C,34,23,34,1
DD,34,26,37,1
B,34,26,35,1
C,32,24,36,1
C,34,23,35,4
B,32,24,33,3
E,32,26,36,1
B,34,25,35,259
D,32,24,36,0
A,32,24,34,0
DD,34,25,33,7
DD,34,26,36,3
C,38,26,34,1
D,36,24,34,2
C,34,23,33,4
D,35,27,38,1
D,38,26,37,0
A,33,21,32,21
C,38,26,36,7
A,34,23,35,0
C,36,24,36,13
B,32,24,34,2
C,34,24,34,68
C,34,26,35,1
B,30,24,34,149
DD,44,34,44,0
DDD,36,25,35,3
F,34,26,36,28
D,34,24,34,0
A,32,25,35,0
B,32,24,34,12
D,33,24,35,18
J,34,30,34,0
D,32,25,34,3
DD,37,23,34,14
C,34,24,34,156
D,32,23,34,4
A,32,24,37,2
B,32,24,28,0
C,34,26,36,7
D,35,24,34,6
C,34,26,36,2
D,38,21,34,5
C,34,24,35,1
A,32,23,34,2
C,36,27,36,2
B,34,24,34,8
B,34,24,34,149
DD,34,24,35,5
B,,26,,10
D,32,28,34,51
D,34,24,34,2
K,48,25,36,19
J,49,30,38,21
DD,34,23,34,0
C,35,23,34,6
DD,34,26,34,0
A,34,23,25,0
B,35,24,35,3
C,34,25,36,1
B,30,24,33,4
B,33,24,35,11
B,34,24,33,63
C,32,25,34,2
B,32,25,36,24
C,36,25,35,15
C,32,25,34,0
D,34,25,35,0
D,34,25,34,0
D,32,24,34,0
C,32,24,37,2
C,34,24,35,0
D,32,25,33,11
B,35,26,35,1
A,34,25,34,1
B,36,24,35,2
C,34,24,34,71
H,34,28,40,17
D,34,23,33,0
C,34,22,33,0
D,32,24,36,3
B,34,24,33,1
A,32,23,33,1
C,32,24,34,1
B,32,26,31,0
B,34,23,34,1
B,36,25,35,1
C,35,25,35,32
C,35,25,36,0
B,34,25,34,117
C,35,22,34,1
B,36,25,32,0
C,34,23,33,12
B,34,27,35,2
C,32,23,33,1
C,34,26,32,1
B,34,28,34,9
D,34,22,33,0
B,35,28,35,0
DD,36,24,36,5
B,34,26,34,41
B,34,25,34,18
B,34,24,36,8
C,32,25,35,1
D,32,25,37,1
C,34,28,36,103
D,35,25,36,9
C,32,22,33,23
DDD,36,32,42,0
C,33,24,34,1
D,35,26,37,1
C,34,24,32,17
B,36,26,35,37
C,32,24,35,2
C,32,26,37,6
C,34,26,34,10
C,34,26,36,1
B,36,25,37,5
DD,38,25,41,0
B,34,25,35,0
B,32,24,34,24
C,33,24,35,6
C,34,25,36,0
D,36,25,36,2
B,34,23,35,16
C,34,23,34,5
C,34,26,36,4
A,34,23,30,76
B,32,26,30,4
C,36,24,34,73
C,34,23,34,3
B,34,25,35,0
C,36,26,36,5
DD,32,28,38,0
D,34,25,35,0
DD,36,25,37,1
A,36,28,30,1
C,34,25,35,1
B,32,24,35,23
D,34,24,34,0
B,34,24,36,0
FFF,65,25,36,7
DD,34,25,35,1
C,36,26,32,21
C,34,22,33,18
B,34,24,34,72
D,34,26,36,39
C,35,24,35,0
DD,37,25,36,16
C,34,25,35,0
B,32,26,35,25
C,32,28,32,0
C,34,24,34,2
B,38,23,36,3
C,36,24,35,150
A,33,23,34,2
B,36,24,34,3
B,32,24,35,1
B,33,22,34,123
D,36,29,39,0
C,32,25,36,1
C,34,26,36,1
C,35,27,35,0
B,34,26,36,0
C,33,24,34,14
D,33,24,33,1
C,35,24,34,0
B,34,24,34,3
B,34,24,35,0
B,34,25,36,47
C,36,23,34,1
B,34,27,36,0
C,36,23,34,1
B,34,25,35,0
C,36,24,36,6
B,34,23,36,473
B,34,22,34,0
C,34,25,35,27
C,34,24,36,6
B,32,25,34,1
B,35,26,36,13
B,36,25,36,10
B,32,24,34,12
B,35,24,35,5
B,34,24,32,24
C,34,25,34,2
B,32,24,32,1
C,34,25,36,3
B,35,23,34,0
B,34,26,34,8
B,33,23,34,94
C,37,24,36,8
C,35,23,34,29
B,36,23,35,0
C,34,24,34,0
B,34,23,33,23
C,38,26,38,7
D,36,24,36,1
C,34,28,34,99
D,34,25,36,31
C,34,26,35,14
A,32,26,30,14
A,34,25,35,0
D,34,24,36,0
B,33,26,32,1
B,34,26,34,2
GG,36,24,36,7
B,34,26,32,3
C,36,23,34,1
D,34,25,34,0
B,36,35,36,1
F,34,25,37,57
B,34,27,33,10
B,32,24,32,66
C,35,24,36,6
C,32,23,35,2
C,34,24,35,2
B,34,24,35,1
C,36,24,34,30
B,34,23,35,675
A,32,24,33,1
B,37,26,37,2
DD,38,27,34,150
B,34,23,34,209
B,30,24,33,372
C,36,25,36,28
C,34,24,36,7
B,36,25,36,1
C,36,24,34,1
C,32,25,35,13
C,34,24,34,10
A,30,23,33,38
B,34,26,34,0
D,34,27,36,1
DD,34,25,35,3
C,35,24,36,0
DD,34,27,38,2
DDD,41,28,36,0
C,34,24,34,0
C,34,26,34,1
C,32,23,36,2
B,32,23,34,26
C,36,26,36,72
B,34,25,34,14
B,32,25,35,22
B,34,23,34,0
B,36,25,35,3
C,34,26,32,0
B,34,24,34,1
D,36,24,36,15
B,34,25,36,36
D,37,25,38,1
A,32,23,33,18
A,31,24,33,6
B,34,26,35,6
C,36,26,35,42
D,36,28,36,1
B,34,24,35,139
B,36,26,35,30
C,34,24,35,6
C,32,28,34,0
DD,38,24,36,0
D,34,24,34,23
D,34,24,35,4
B,34,25,33,0
A,32,26,36,1
C,34,26,34,0
D,36,24,34,18
D,34,28,30,20
D,32,23,36,3
D,36,24,34,0
B,34,24,31,10
DDD,35,24,35,80
C,38,24,38,199
C,34,24,34,42
B,34,24,34,0
D,32,24,34,1
B,35,27,36,2
D,34,25,35,7
B,32,23,34,1
B,34,25,36,17
B,34,21,33,0
D,40,32,42,5
B,34,24,34,1
C,34,24,35,1
B,31,24,34,0
D,34,26,36,1
B,36,26,35,29
D,36,28,38,15
B,32,23,35,0
C,35,25,34,1
D,34,24,33,20
A,34,24,33,2
B,34,26,35,225
B,34,25,34,1
DD,34,25,36,2
C,33,25,33,1
DD,34,23,33,1
C,33,24,36,1
C,35,23,34,1
G,32,25,36,1
B,33,24,34,11
B,32,23,32,171
C,35,25,34,35
D,36,24,34,0
C,35,27,36,1
A,32,25,34,33
C,34,24,35,21
C,31,24,35,2
D,36,20,34,0
AA,34,25,35,18
D,36,26,36,55
B,34,24,34,23
B,38,28,39,19
A,32,22,32,1
A,32,23,33,0
C,34,24,36,7
B,34,24,35,3
C,34,25,36,0
C,36,26,36,18
C,35,23,34,0
B,34,24,34,53
A,33,24,35,1
A,32,23,34,138
A,36,24,33,1
D,33,24,36,2
B,32,28,36,4
D,36,31,46,1
D,34,26,38,9
C,32,26,38,2
C,34,24,34,0
A,31,24,36,0
E,34,25,35,3
C,34,24,35,1
B,34,25,35,89
C,34,22,33,202
D,38,25,38,1
B,34,25,35,21
B,32,24,34,50
A,35,25,34,19
B,34,21,36,0
DD,32,24,33,0
B,34,24,34,1
C,34,24,36,1
F,32,24,36,5
D,37,25,35,12
D,40,34,37,31
B,34,25,35,0
C,34,25,35,15
C,36,24,36,0
C,32,22,33,0
D,36,28,38,0
B,34,25,35,2
D,38,33,40,0
DD,34,24,36,1
D,34,23,32,2
B,34,23,35,21
B,34,24,33,12
DD,32,26,36,0
C,34,28,36,0
B,34,25,37,0
C,32,23,33,9
C,32,25,36,1
C,38,32,38,42
C,35,24,35,1
B,34,26,37,1
C,32,25,34,33
D,34,24,35,0
C,33,24,35,2
B,32,26,30,4
B,34,24,24,5
C,34,27,34,94
DD,38,34,40,0
B,34,25,35,0
A,32,23,33,155
C,36,26,33,1
A,33,22,34,10
D,38,34,47,5
C,36,29,36,0
C,34,23,35,0
B,34,34,36,1
A,33,24,35,7
D,35,24,35,0
C,34,23,35,9
B,36,24,36,7
C,34,25,35,3
E,41,30,41,1
D,34,25,35,5
C,34,26,36,1
B,34,24,25,2
E,34,24,35,0
B,32,25,36,5
A,31,23,34,3
F,38,27,36,0
C,34,24,34,11
D,32,26,38,3
D,36,25,36,0
A,34,25,35,1
D,38,25,38,1
DD,34,27,36,0
B,30,26,34,0
D,36,27,37,1
B,32,27,33,0
C,35,24,34,1
C,36,28,38,4
C,32,22,36,1
B,34,24,35,27
DD,34,26,38,1
D,36,24,36,15
C,36,24,36,44
B,34,24,35,15
C,34,25,38,3
A,32,23,33,1
C,34,23,32,1
C,36,25,35,0
B,34,24,34,1
G,36,28,37,2
A,33,23,33,1
B,34,27,36,21
D,32,24,34,10
C,34,25,35,4
B,34,25,35,83
B,35,24,35,4
B,32,23,33,2
C,36,27,35,2
B,34,26,30,0
C,34,24,35,0
C,36,24,34,11
D,34,24,35,21
B,32,21,32,1
A,33,28,32,3
DD,32,24,34,8
C,36,24,34,0
B,32,23,33,87
B,34,23,35,1
C,32,25,34,1
C,32,22,33,22
B,36,27,38,3
B,34,25,36,0
DD,34,27,38,61
B,34,24,34,23
D,37,27,36,1
D,34,24,34,11
B,32,26,34,12
D,36,24,34,5
B,30,22,33,11
DD,32,26,34,2
D,34,23,34,39
C,36,23,35,105
C,37,24,35,0
C,34,21,33,3
C,35,25,36,6
B,34,24,35,2
C,34,25,34,60
A,33,23,33,8
B,34,23,35,0
D,35,24,35,0
B,32,24,34,29
B,34,24,35,7
B,34,26,34,116
D,34,25,36,2
C,34,24,32,0
B,34,23,34,14
C,36,23,33,647
C,35,25,34,4
DD,34,24,34,24
C,35,25,35,0
A,35,24,34,1
C,32,23,34,2
C,36,24,36,2
DD,34,22,34,1
B,34,23,34,1
B,34,24,34,140
B,36,26,35,46
C,38,25,39,2
D,36,24,35,9
B,34,27,37,1
DD,36,27,46,1
B,34,28,36,43
AA,36,23,33,1
D,37,24,36,2
C,30,33,34,2
C,34,19,35,0
B,36,26,35,7
DD,30,25,35,1
C,34,28,34,16
F,44,32,46,1
D,34,26,32,0
C,34,24,35,0
C,34,24,34,0
B,34,24,35,8
C,34,26,34,2
B,32,23,33,36
A,34,23,33,2
B,34,25,34,6
C,34,24,35,22
B,34,26,37,0
B,30,24,32,0
A,32,23,33,1
C,34,25,35,1
D,32,24,32,1
B,34,24,25,14
C,35,25,35,9
A,34,25,38,0
C,33,23,34,1
C,34,25,32,63
B,34,26,35,4
A,34,25,33,1
C,36,26,36,7
GG,32,24,34,90
DD,34,25,35,0
AA,34,23,34,2
B,34,24,34,2
D,34,23,33,1
A,32,21,31,0
C,34,25,35,4
L,50,28,49,3
C,34,22,34,1
C,34,24,35,30
B,32,24,34,4
D,34,24,34,1
DD,34,23,36,0
DDD,36,26,36,2
D,32,24,34,0
C,36,24,36,18
C,34,26,30,0
C,34,24,33,90
B,34,23,35,0
C,34,24,34,11
C,34,23,34,30
DD,34,26,34,1
C,36,23,34,2
A,32,25,37,0
D,34,23,34,0
B,34,24,36,19
C,34,24,35,3
B,34,24,33,1
DD,44,25,35,13
B,32,25,32,4
B,34,25,36,39
C,36,26,36,0
C,38,25,35,0
DD,36,25,38,0
B,34,23,35,1
FF,32,25,35,20
A,32,26,32,0
B,34,24,34,7
A,32,24,33,0
DD,36,26,36,0
D,32,24,28,1
B,32,24,34,0
AA,31,22,32,11
A,32,22,34,0
A,32,24,35,1
D,38,24,36,103
A,34,23,34,2
B,34,26,36,9
B,33,23,34,18
B,34,25,35,5
C,30,25,39,1
C,34,24,35,1
DD,32,26,36,1
B,31,25,35,35
B,34,25,35,6
C,34,24,35,461
E,37,26,36,0
B,32,25,34,0
B,34,25,36,4
B,32,27,34,20
B,34,24,34,0
D,36,25,34,0
D,36,25,35,99
A,34,25,37,0
B,34,30,41,24
B,25,23,34,10
C,32,25,36,0
C,32,23,34,0
A,34,25,35,0
D,34,24,34,0
C,35,24,34,86
C,34,23,33,1
B,34,24,34,1
DD,37,25,37,1
D,36,21,34,2
B,36,23,34,10
L,44,32,35,0
B,34,25,35,96
D,37,24,36,0
A,33,25,33,63
DDD,34,26,35,23
D,38,28,38,1
DD,34,27,38,6
B,34,24,35,40
C,34,24,34,0
B,34,27,33,0
B,34,25,33,9
C,35,23,34,10
D,34,27,36,2
F,36,24,34,0
C,36,26,34,36
D,36,25,36,5
D,36,24,36,5
G,34,26,35,15
B,36,26,35,2
C,36,25,36,9
C,34,25,36,0
A,34,24,32,1
C,32,24,34,0
DD,33,29,39,0
C,32,24,34,1
A,32,24,37,40
A,34,25,36,0
D,35,24,36,35
D,34,22,34,13
D,36,27,36,45
A,34,27,36,1
A,32,23,34,9
A,32,25,34,0
B,34,26,32,92
B,35,27,37,0
A,35,24,36,10
B,36,28,34,5
D,32,22,32,0
B,32,25,30,1
D,36,24,36,32
C,36,24,32,4
B,34,24,35,13
DDD,36,23,34,1
B,32,28,,16
B,34,25,34,153
L,50,24,36,7
A,32,25,35,1
A,34,25,33,48
DD,36,26,37,522
C,33,23,33,1
C,36,24,34,0
B,33,24,34,1
DD,38,23,33,14
DD,34,23,33,12
DD,38,23,38,3
B,34,25,34,14
B,36,26,33,78
D,35,24,35,2
B,36,21,34,33
DD,36,25,36,0
C,37,27,38,40
C,36,22,36,40
D,42,25,39,16
C,34,24,34,10
B,35,25,36,0
D,38,27,36,32
DD,36,27,36,10
C,34,23,34,2
DD,40,33,37,9
B,34,27,32,11
C,34,24,35,1
B,33,18,32,3
D,32,25,35,0
C,34,24,36,3
A,34,24,34,2
C,34,25,37,5
D,37,24,36,0
C,32,24,34,6
B,32,24,34,3
C,32,24,34,0
DD,32,25,35,1
C,34,23,36,77
C,33,25,35,2
C,34,26,36,0
C,33,23,33,5
A,34,24,34,0
F,44,28,38,4
B,34,23,33,2
C,34,28,33,9
B,36,25,35,99
B,32,24,34,62
B,34,24,33,1
DD,36,25,36,4
B,34,26,35,3
C,36,23,34,1
C,34,24,35,2
D,38,24,37,0
A,33,25,37,0
D,36,23,37,12
D,36,26,37,2
D,36,24,36,7
B,34,22,35,36
A,34,24,34,1
J,43,24,36,3
B,32,25,33,14
C,34,25,35,6
B,35,24,34,7
D,36,24,42,1
C,34,24,34,0
C,34,24,34,1
D,36,26,32,39
B,36,27,36,23
A,32,23,33,1
B,34,26,34,17
L,73,23,35,1
D,34,29,38,0
B,34,24,35,2
A,36,26,38,2
B,31,23,34,2
C,36,28,36,172
C,36,27,39,15
D,35,24,35,1
D,36,26,36,1
B,34,24,33,8
D,34,23,33,19
C,34,25,35,1
B,34,26,37,14
D,,25,35,1
B,34,24,35,2
DD,33,22,35,182
D,36,24,36,12
A,34,25,35,0
A,34,26,34,0
C,32,23,33,1
A,34,24,34,1
B,34,24,34,49
C,34,28,38,0
C,34,23,34,1
B,31,22,31,0
GG,36,23,36,4
GG,67,25,36,3
C,34,23,33,2
C,36,22,34,3
B,34,24,35,0
C,35,25,36,1
B,32,23,33,288
DD,32,22,34,12
B,32,24,34,5
B,32,26,34,2
D,42,30,42,2
C,36,25,35,2
C,34,24,34,5
B,32,24,34,0
B,36,24,34,10
B,34,21,33,8
C,34,26,36,1
D,34,30,36,2
C,33,24,36,9
DD,32,27,41,15
C,34,24,32,1439
C,34,22,33,0
AA,32,23,33,1
C,34,24,36,4
C,37,23,36,1
B,34,28,38,1
B,33,23,34,21
C,34,24,34,1
C,36,27,36,2
A,32,23,33,45
C,33,23,34,1
D,36,26,36,159
DD,36,23,35,4
G,40,30,40,17
D,34,24,34,3
C,34,25,36,4
C,34,25,35,2
C,36,24,36,237
B,34,23,33,19
A,34,24,34,1432
D,36,24,35,13
C,39,24,35,4
B,34,24,33,152
C,36,27,36,3
D,34,20,38,70
D,34,26,36,0
B,35,24,35,89
C,34,24,36,3
DD,36,26,34,0
A,32,23,34,0
A,34,22,35,0
B,34,24,33,6
B,30,23,33,21
D,34,24,35,2
A,33,22,34,9
C,34,24,34,1
B,34,25,34,1
B,35,25,37,3
A,32,23,33,1
B,32,24,36,8
B,33,24,35,2
DD,38,23,36,0
A,32,28,34,2
A,34,25,36,1
B,34,29,34,1
AA,34,23,33,2
C,37,24,35,37
FF,36,26,32,1
DD,35,23,36,2
C,34,23,36,1
A,32,26,33,14
B,32,28,36,1
C,35,24,34,4
A,34,25,35,0
C,37,25,37,4
C,34,22,40,30
C,34,25,36,1
B,34,26,34,2
C,34,24,32,6
C,35,23,35,0
C,33,26,37,1
D,38,25,36,61
B,34,24,34,14
B,36,24,36,12
C,35,26,35,7
G,32,25,35,1
C,32,26,36,0
D,36,25,36,30
C,33,24,33,0
B,34,25,36,300
C,34,24,36,1
D,36,27,36,13
A,34,23,34,0
DD,34,24,36,5
B,32,24,34,2
AA,36,23,33,1
D,34,24,35,8
HH,36,22,34,19
D,34,25,36,0
C,34,24,34,2
B,32,26,33,58
D,34,25,35,27
B,34,26,35,13
C,35,25,34,9
B,35,26,32,2
B,34,24,34,1
B,34,24,34,28
D,34,25,38,4
B,34,25,33,2
A,32,23,33,1
C,34,25,35,48
A,33,27,34,2
D,36,25,35,0
C,34,24,34,0
C,34,26,24,5
DD,36,27,36,1
C,34,25,35,11
AA,36,23,33,1
A,34,24,34,10
B,34,24,34,5
C,35,24,35,4
C,34,28,32,5
B,34,23,34,1
D,34,26,38,0
C,35,25,35,3
D,33,23,35,1
A,32,24,34,12
B,34,23,36,1
C,34,24,35,0
B,34,23,34,20
B,34,25,36,4
B,33,24,33,1
B,32,22,30,4
C,34,24,36,4
E,34,23,34,14
C,34,25,35,0
B,34,24,34,0
L,36,25,36,6
B,34,26,37,0
B,34,24,34,14
D,31,24,36,1
C,36,27,38,1
C,35,26,36,86
B,34,25,35,6
B,36,24,34,1
C,36,24,36,0
B,34,25,35,0
B,32,24,34,1
C,38,26,37,2
D,34,24,34,8
A,32,27,37,0
C,34,26,36,0
B,34,24,34,29
D,35,25,35,1
C,34,25,32,7
B,36,24,35,8
G,32,24,32,1
C,34,28,42,0
C,32,24,35,1
D,37,27,36,0
C,37,24,37,5
D,36,25,37,81
A,34,24,33,2503
D,32,24,32,0
B,34,24,34,8
DD,39,23,45,78
D,34,23,35,0
B,34,23,38,1
B,34,29,35,0
D,34,29,40,0
D,34,22,32,1
B,35,25,35,0
C,33,25,34,7
F,36,25,36,0
C,36,24,37,1
D,30,23,34,0
B,36,27,37,41
DD,32,25,32,38
DD,39,26,37,3
B,34,24,36,2
A,32,26,34,1
B,36,25,36,21
D,34,24,34,10
C,34,23,34,0
C,36,27,34,11
D,38,24,33,26
C,34,28,36,1
G,32,26,32,4
D,34,24,34,1
C,34,24,36,10
D,35,21,34,0
C,32,24,35,0
A,31,23,33,3
B,34,24,35,0
DD,36,23,35,15
C,32,25,33,60
C,32,23,34,0
B,34,24,35,1
C,32,27,30,1
C,34,25,35,1
B,34,24,34,35
B,34,23,33,0
D,36,24,34,0
B,38,26,36,3
DD,36,27,39,0
C,34,27,38,0
A,33,23,34,6
A,34,24,33,2
B,34,24,35,0
C,32,25,34,21
A,30,22,30,7
B,34,27,37,0
C,34,27,37,0
D,34,23,35,28
C,37,23,36,19
C,34,24,34,1
C,34,23,36,79
B,34,25,32,10
B,36,27,38,4
E,36,25,36,16
D,35,25,38,1
B,34,23,35,6
C,38,26,38,0
A,32,23,35,0
D,33,24,34,0
D,38,32,41,1
C,34,24,32,689
G,32,26,32,18
C,38,22,33,4
B,34,26,36,59
D,37,23,34,0
B,34,25,35,3
B,34,26,36,0
C,34,28,34,188
D,34,26,36,1
B,34,26,32,12
B,34,24,34,0
C,36,29,37,14
B,34,24,35,7
C,36,26,36,75
B,33,24,35,0
A,34,24,35,1
D,38,24,34,10
A,34,24,34,1
L,65,24,34,2
C,34,24,35,25
C,34,23,34,1
B,34,24,35,16
C,36,26,36,128
B,34,25,36,1
B,34,24,34,3
C,34,23,34,1
C,34,26,36,0
E,27,24,35,0
C,33,24,34,1
C,36,26,36,1
A,36,24,33,17
C,34,24,35,1
B,34,24,33,2
C,36,23,35,2
D,36,26,36,1
A,32,21,31,0
C,34,24,38,8
C,35,24,34,2
B,34,27,35,1
EE,40,23,34,2
B,34,24,34,4
C,34,25,34,2
D,37,21,36,0
C,32,25,36,2
D,34,24,36,0
C,34,24,34,0
D,34,23,33,26
B,34,25,35,8
D,33,24,34,1
C,36,24,35,19
B,34,23,33,113
B,34,27,34,11
A,35,25,35,1
C,36,24,35,129
C,36,23,35,1
C,34,24,35,210
D,34,25,35,0
B,32,23,35,22
B,34,25,34,3
D,33,25,36,5
AA,32,23,33,1
C,34,25,35,20
C,35,23,35,1
B,34,23,35,12
B,32,25,34,18
DD,42,24,34,2
D,38,25,38,5
D,36,22,35,0
C,35,25,36,4
C,35,25,37,38
DD,32,24,36,4
DD,40,34,44,34
A,35,25,36,17
B,32,24,32,0
DD,34,22,35,14
C,34,25,32,20
C,35,24,34,131
C,36,27,38,0
C,37,24,35,0
A,34,25,35,24
C,34,25,35,1
C,34,24,35,0
D,36,23,35,0
C,33,23,34,11
D,34,26,37,1
B,34,24,34,107
A,34,24,34,48
B,34,25,35,0
C,34,24,34,238
B,34,29,40,1
C,34,24,38,1
C,36,25,38,0
AA,30,22,32,1
C,34,28,36,1
D,34,24,34,8
A,32,23,33,1
DD,37,25,35,54
C,38,22,37,30
DD,36,26,37,5
DD,34,24,33,0
B,32,24,34,3
C,34,24,34,15
E,38,26,36,5
C,34,26,34,2
D,36,25,37,1
B,33,27,32,241
G,32,25,35,1
C,32,24,36,1
A,33,25,35,158
A,32,23,32,1
B,32,26,36,0
D,36,24,36,2
H,50,23,33,2
C,34,24,34,1
A,34,28,36,0
B,31,25,34,1
DD,32,24,34,9
C,34,24,34,0
A,34,25,34,3
B,34,24,36,0
B,35,25,36,1
A,32,24,34,5
C,35,23,35,0
C,34,24,34,23
C,34,24,33,30
D,40,32,36,3
C,34,23,34,0
H,30,24,32,7
B,35,23,34,10
C,34,25,35,5
D,34,21,32,1
B,36,25,36,0
B,34,26,36,0
C,32,24,34,0
C,35,25,35,75
D,36,26,36,2
C,34,21,33,3
C,36,28,36,6
C,34,26,35,2
B,34,23,34,10
G,30,23,32,7
D,34,23,35,0
B,32,23,33,1
B,34,25,36,2
C,34,24,35,1
C,36,25,36,1
B,34,24,36,2
B,32,23,34,4
B,32,24,32,0
B,34,24,34,17
B,34,25,36,0
C,36,26,37,15
C,37,26,38,56
E,37,27,37,0
C,36,25,34,0
B,32,25,30,6
A,32,25,34,512
D,34,27,38,0
D,36,24,35,22
B,32,26,34,11
DD,38,23,35,0
DD,42,30,38,0
B,35,27,35,335
A,32,31,35,0
B,34,24,34,24
D,42,24,34,1
B,34,23,34,1
DD,34,25,36,0
B,34,24,33,1
B,34,23,33,18
C,38,28,36,17
B,36,24,36,5
C,34,23,33,1
B,34,23,36,2
B,34,27,37,1
C,34,24,35,19
C,34,25,34,0
B,34,24,33,1009
C,34,24,34,42
B,32,24,35,23
C,34,25,36,43
C,38,26,41,0
D,34,24,36,8
C,36,25,36,3
C,34,24,36,1
L,65,28,38,3
C,34,26,34,1
C,34,24,35,51
C,34,23,35,9
B,34,24,34,1
B,32,25,35,23
B,34,24,35,25
C,34,26,36,22
D,34,25,36,2
AA,32,23,34,4
D,36,23,35,5
C,36,25,36,89
B,34,24,34,1
B,34,24,35,1
B,33,25,36,4
C,33,24,35,7
B,34,25,32,1
C,32,25,33,3
C,36,24,35,488
B,36,26,36,10
D,36,26,36,2
B,36,26,37,3
C,36,24,36,448
A,34,26,35,2
C,32,28,36,94
B,34,25,32,16
D,36,27,37,0
B,34,23,36,1
C,35,24,34,2
C,36,28,37,3
B,35,25,35,1
B,34,26,35,91
D,34,28,36,0
C,36,22,35,87
C,36,27,36,0
B,34,25,34,0
B,34,24,34,0
C,34,26,36,1
A,32,24,33,30
B,34,26,35,140
D,34,25,35,1
A,33,27,34,34
A,33,24,33,2
B,32,25,35,83
B,34,25,34,4
D,34,24,36,2
C,33,24,34,0
B,34,27,39,1
B,30,23,34,7
C,33,24,35,0
B,34,24,32,36
C,34,26,34,3
B,35,24,36,65
C,35,25,35,0
D,36,27,39,72
C,34,24,38,1
C,35,22,39,2
A,33,24,33,1
C,36,25,35,2
C,34,23,34,4
B,32,23,33,12
A,32,25,34,0
B,35,24,34,20
C,32,23,34,0
C,36,23,34,1
B,36,24,34,1
B,32,24,34,0
B,34,23,33,7
B,34,24,34,0
C,34,25,34,2
C,36,24,36,368
D,35,25,34,1
DD,36,24,34,0
D,34,25,34,0
B,32,24,35,3
DD,34,24,36,13
B,35,25,37,7
B,34,24,35,0
C,32,23,34,1
C,34,25,36,275
C,34,23,33,8
D,34,26,33,5
K,32,27,38,14
E,39,24,35,4
D,34,24,34,0
DD,36,26,33,0
D,38,28,38,4
D,36,24,37,5
A,33,24,35,1
C,34,25,34,0
DD,36,22,36,3
D,34,24,34,10
D,34,23,39,0
B,34,24,36,37
D,33,24,33,29
C,34,23,35,9
C,34,25,35,1
B,36,26,36,0
B,30,23,34,75
C,36,24,36,73
C,36,25,38,581
C,36,24,36,0
DD,36,25,36,24
C,34,24,34,10
B,33,23,34,57
C,35,25,36,1
C,34,24,35,1
C,36,26,36,0
B,34,25,30,14
A,32,25,34,2
B,33,20,33,0
C,35,24,34,7
C,36,23,32,14
D,34,25,36,1
B,34,22,32,12
B,34,24,34,1
A,34,24,34,2
C,32,23,35,0
HH,32,26,38,0
C,32,23,33,144
D,32,26,35,31
B,32,23,33,86
B,34,24,34,4
D,32,25,34,2
B,34,23,32,45
B,34,24,34,0
C,34,26,36,55
DD,40,22,36,61
D,34,24,35,0
D,36,23,,2
C,37,25,37,3
B,34,24,34,48
D,36,25,36,288
C,36,24,34,1
C,34,25,35,1
C,36,23,34,0
C,34,34,34,108
C,34,24,34,1
D,34,22,34,12
B,34,24,34,72
D,34,24,34,15
B,34,23,35,10
C,33,25,37,1
C,36,23,35,38
D,36,25,36,10
D,36,24,36,0
C,32,24,35,0
B,34,24,34,14
B,34,25,34,1
B,34,23,36,25
G,44,28,38,1
B,34,28,34,1
A,36,25,35,6
D,34,24,36,0
A,33,24,34,111
B,33,25,34,49
D,36,25,35,2
B,34,23,36,65
B,34,25,34,5
B,34,24,34,2
B,30,23,32,21
C,35,25,36,1
C,34,24,35,0
B,34,24,34,62
C,34,24,34,0
A,32,24,33,1
A,35,24,35,13
D,32,24,32,1
D,39,22,36,0
C,32,24,35,0
C,34,24,34,1
B,32,25,30,38
DD,32,26,32,2
C,34,23,33,21
B,32,26,31,60
C,32,25,36,1
AA,36,26,36,0
C,34,24,34,0
A,32,23,33,55
B,36,26,36,13
C,32,23,32,58
DD,34,24,34,1
B,32,24,34,5
B,32,24,34,0
B,32,24,32,0
B,32,25,35,1
B,34,26,35,34
D,34,24,35,0
D,34,23,34,0
C,34,23,54,0
B,36,25,32,50
A,32,22,30,0
B,34,26,37,0
D,34,26,36,8
DD,34,26,33,6
C,34,23,33,1
C,34,26,36,1
C,35,27,34,208
C,34,23,34,3
B,34,24,35,70
C,36,24,36,31
B,34,23,36,1850
B,35,24,34,7
B,35,24,35,60
DD,43,32,44,1
C,32,25,36,0
C,34,22,34,0
B,34,26,34,9
D,34,24,36,4
B,34,24,34,2
B,32,25,30,5
C,36,24,34,3
DD,36,26,34,1
B,32,26,35,317
B,33,25,33,1
D,36,24,34,44
D,34,24,32,0
B,36,24,36,82
C,34,24,34,0
D,37,25,36,133
D,34,25,37,3
B,34,24,35,20
A,32,24,34,0
B,34,24,36,2
C,37,26,36,6
A,30,22,33,2
C,34,25,36,1
C,34,27,34,0
A,33,22,32,1
B,34,24,37,0
B,32,21,32,39
C,36,28,40,109
D,36,24,35,28
C,33,23,33,10
B,34,25,34,261
B,36,26,37,25
C,32,23,34,2
A,34,24,33,0
D,36,24,36,0
C,34,26,36,1
B,34,23,34,6
C,34,24,35,0
C,35,24,34,21
D,34,24,34,1
C,34,24,34,1
G,34,28,38,0
C,34,24,35,16
C,34,24,36,19
C,34,25,36,2
C,36,28,35,42
G,32,21,32,17
A,33,22,33,0
B,32,21,32,1
C,35,23,35,10
D,41,17,36,13
C,34,25,36,1
B,34,23,35,1
C,36,23,34,1
B,33,23,32,70
C,35,24,34,4
D,38,26,38,0
B,31,23,30,50
B,34,24,34,1
B,32,24,32,0
C,36,26,35,1
B,31,23,33,4
F,32,26,34,9
D,32,25,35,0
D,38,32,42,1
F,36,24,35,0
A,32,26,34,18
B,34,23,35,79
D,34,26,36,2
C,36,24,34,3
DD,38,24,36,1
B,28,23,26,0
A,32,25,33,1
A,34,25,34,1
DD,32,26,34,0
C,34,25,36,1
D,36,22,31,72
D,32,28,34,0
C,36,24,33,0
C,36,24,36,5
D,32,22,34,1
F,38,25,32,1
C,32,23,33,20
C,34,28,41,0
D,34,25,35,1
C,32,23,34,0
C,32,23,33,8
C,35,24,34,1
D,36,26,36,74
A,34,25,33,1
C,36,24,37,1
C,34,24,36,0
D,36,25,36,0
E,34,24,38,35
B,34,22,34,9
DDD,34,19,34,92
DD,36,25,36,1
C,34,25,36,0
C,35,25,35,18
B,32,24,35,3
B,35,24,35,27
C,32,25,36,0
C,34,25,35,1
E,36,28,36,0
C,32,23,34,0
C,32,24,32,42
D,34,24,33,0
C,35,25,35,0
B,36,26,37,7
B,32,24,34,1
B,35,25,35,72
C,34,27,36,1
D,34,21,36,0
DD,36,25,34,1
FF,34,24,34,7
D,34,26,36,0
B,36,23,35,23
HH,54,26,36,6
GG,40,32,38,1
B,34,23,35,1
HH,34,22,34,1
A,32,23,35,1
C,36,23,33,7
B,32,25,36,0
C,34,25,36,4
A,33,24,35,14
B,34,25,36,186
A,32,24,34,54
C,36,25,35,5
DD,34,25,34,1
B,34,24,33,28
B,32,23,33,41
D,34,25,37,1
DD,32,23,34,3
A,32,24,32,1
C,34,23,36,15
A,34,24,33,1
DD,32,22,34,0
D,36,21,36,1
B,34,26,35,2
D,39,23,35,22
C,35,26,36,9
C,34,25,35,6
B,36,28,36,1
EE,36,25,36,9
B,34,25,32,6
DD,34,25,36,3
C,34,22,32,1
C,37,26,38,11
C,36,24,37,5
B,32,24,36,2
B,34,26,35,81
C,32,26,32,0
E,32,25,35,3
C,37,24,34,224
D,36,26,32,11
B,34,25,36,3
B,32,23,34,0
B,34,24,33,2
E,42,22,35,8
A,35,24,35,0
B,34,24,39,3
DD,34,28,37,0
B,34,25,36,1
B,32,26,34,153
B,32,22,33,357
DD,35,25,34,2
A,34,25,34,0
D,36,24,36,8
B,34,26,36,3
A,34,24,34,1
B,34,25,35,0
A,34,23,33,1
D,34,24,34,0
C,34,23,34,5
B,34,24,34,1
B,34,26,35,3
DD,34,36,34,1
A,32,21,34,0
C,36,20,36,3
C,34,25,35,0
AA,32,23,35,1
B,34,24,35,1
C,33,24,33,2
B,31,23,34,0
B,30,23,33,27
C,32,24,33,2
C,36,24,35,1
C,34,22,34,6
B,34,28,36,19
DD,36,26,44,2
B,34,26,35,36
B,28,22,30,39
B,33,23,34,297
C,32,23,35,525
DD,32,22,32,0
C,37,25,35,2
C,36,24,35,20
B,32,23,33,10
DDD,35,24,35,1
B,32,24,34,11
C,32,23,38,1
B,34,25,34,2
B,34,25,35,1
C,36,24,36,3
C,34,24,36,0
C,32,25,35,2
A,32,23,34,0
C,36,25,38,1
DD,34,24,34,0
B,35,25,34,3
D,36,21,34,5
D,34,26,34,4
A,34,26,36,0
B,31,23,33,0
B,32,23,34,1
C,34,24,34,6
D,34,24,35,1
B,32,26,34,0
B,34,24,35,5
C,35,25,35,1
DD,34,26,36,0
C,34,25,36,0
F,32,28,32,5
F,34,23,34,12
B,32,24,32,22
AA,36,23,33,1
C,34,26,34,3
C,34,27,37,0
A,34,26,36,51
C,34,24,34,4
C,35,23,25,4
D,34,24,34,0
A,32,23,32,6
B,32,24,34,0
B,36,26,35,1
B,34,24,33,1
B,34,25,34,1
C,38,27,35,1
C,34,24,34,0
D,33,24,34,3
C,38,24,34,63
B,34,25,36,7
C,35,24,35,1
DD,34,25,36,0
C,34,23,34,2
A,32,23,34,1
C,32,26,37,4
C,36,27,35,137
A,33,23,33,4
C,34,24,35,5
D,35,24,37,124
FF,42,28,32,1
D,36,24,35,0
D,32,26,34,0
C,34,26,36,40
HH,40,24,35,23
B,34,25,35,9
C,,24,34,3
B,32,25,34,5
C,34,24,34,38
B,32,24,34,180
D,32,23,34,5
C,34,25,35,106
B,34,27,32,28
B,36,26,34,983
DD,38,36,44,0
B,34,26,34,1
D,35,22,36,1
B,34,24,34,0
B,34,25,34,24
C,34,26,34,16
B,36,32,37,14
B,34,25,35,1
C,34,25,34,1
B,34,26,36,2
C,34,24,34,2
A,33,24,34,7
B,35,23,35,0
C,34,40,40,0
C,32,24,35,13
B,34,24,35,1
DD,34,24,34,3
D,34,26,34,2
B,34,27,36,3
DDD,48,32,40,1
C,34,24,34,0
A,34,25,34,53
B,36,26,35,88
C,34,24,34,2
B,34,22,34,1
D,36,26,36,8
B,32,24,34,1
B,35,25,36,34
D,34,24,33,0
DD,34,25,34,0
C,34,25,36,0
C,36,25,35,0
B,34,26,33,2
A,32,23,33,1
C,32,26,36,0
DD,42,26,36,9
D,37,24,35,14
B,34,25,34,103
C,34,26,35,87
B,35,26,30,2
B,34,27,34,16
C,34,27,37,1
C,34,25,32,18
C,34,25,36,11
D,32,26,36,1
D,35,25,34,1
DD,36,26,36,32
C,33,23,33,0
C,34,28,34,1
B,32,25,35,109
B,34,24,34,0
D,36,25,34,103
B,34,24,35,0
D,36,25,37,10
D,32,22,32,11
C,38,25,36,1
B,34,23,35,229
D,36,26,36,0
B,34,24,36,1
C,34,25,36,12
B,34,24,33,15
DDD,34,25,34,14
D,36,25,34,111
C,36,26,34,2
D,38,22,36,1
B,36,23,35,30
A,34,26,33,1
C,34,25,36,18
G,44,34,45,2
C,38,23,35,25
DD,40,26,37,0
B,34,23,38,11
C,35,26,36,1
C,34,24,34,3
C,32,24,34,0
E,38,24,36,16
B,34,25,35,3
A,34,25,34,15
C,36,25,36,0
DD,32,25,33,2
C,34,26,36,0
A,34,24,35,1
B,34,25,35,5
C,34,25,34,5
C,32,24,34,1
A,34,25,35,1
E,40,23,36,3
B,34,24,34,0
B,34,25,35,7
DD,32,25,36,4
C,36,24,33,4
B,34,24,34,2
B,36,24,35,1
A,34,27,38,0
DD,34,29,34,1
D,34,24,38,15
B,35,29,38,0
C,34,26,33,1
D,37,24,36,2
C,35,24,35,0
B,34,26,34,7
B,34,25,35,6
B,34,23,34,51
D,35,22,35,2
B,34,25,34,11
H,42,26,37,1
C,32,24,34,6
AA,32,25,34,1
C,34,24,36,0
B,34,25,34,13
B,34,24,33,4
B,32,26,30,3
DDD,38,30,36,76
D,34,24,34,16
FF,34,23,34,6
DD,36,25,36,3
A,32,23,34,0
A,34,23,35,0
C,35,23,35,16
B,34,24,36,2
C,36,25,35,18
C,34,24,32,1
B,34,24,34,4
B,34,24,34,28
B,32,27,44,4
C,34,25,34,0
C,32,24,34,9
B,34,24,34,51
C,34,26,30,0
D,34,26,37,5
C,37,23,34,38
B,34,24,35,2
B,34,24,34,7
B,34,25,34,37
C,36,24,36,1
C,33,26,34,0
B,34,26,36,20
A,32,23,33,1
C,34,24,35,1
C,30,24,33,1
C,34,26,36,0
A,34,24,34,1
DD,32,29,34,1
D,34,25,36,1
A,31,23,34,1
A,33,24,34,2
D,34,26,35,11
B,34,24,34,2
B,34,24,34,0
C,34,25,36,67
C,32,23,33,2
C,36,21,32,2
B,34,25,34,2
B,34,24,35,10
C,36,23,36,626
K,54,23,35,26
B,36,26,37,22
A,34,24,34,0
B,34,23,34,426
C,37,26,37,6
D,36,23,35,3
A,31,24,34,31
C,39,24,39,1
D,34,26,34,14
C,32,28,34,1
B,34,27,33,5
B,34,24,35,4
B,34,23,37,14
C,33,24,33,0
C,37,28,38,15
DD,38,24,35,1
C,35,24,36,1
B,36,24,35,58
D,34,25,35,29
A,34,24,34,1
C,34,24,33,39
B,34,25,27,0
B,34,24,34,2
D,37,24,35,2
D,36,25,35,0
C,34,22,34,1
A,35,25,36,19
C,34,25,36,93
D,34,24,33,9
A,34,22,32,12
B,34,24,34,1
D,36,24,34,3
B,36,28,36,1
C,32,22,32,15
DD,36,26,34,1
A,32,34,32,1
C,32,26,36,0
DD,36,26,36,0
A,34,23,35,0
B,34,24,35,0
D,38,30,40,35
F,34,25,36,10
A,32,24,35,0
C,36,25,37,32
B,36,24,36,70
B,34,34,35,1
C,35,25,37,0
D,34,23,36,10
C,33,23,35,1
B,36,25,34,189
B,36,24,34,47
D,34,24,34,1
B,35,25,34,53
DD,39,24,36,11
B,34,26,34,1
D,34,28,39,0
DD,32,26,32,1
D,34,24,34,4
C,34,24,35,5
D,32,22,33,3
D,34,24,34,0
B,36,25,36,7
A,34,23,33,1
B,35,27,35,0
D,34,28,33,1
A,34,24,33,1
D,30,24,35,1
A,33,25,33,0
C,36,30,42,5
C,34,28,32,2
DD,34,25,35,4
C,34,24,34,2
C,34,24,37,1
A,34,24,34,1
C,35,21,35,14
C,36,26,40,8
D,36,26,35,201
C,36,26,38,1
C,35,26,35,6
A,32,25,34,16
C,36,22,34,71
A,34,26,35,30
C,34,24,34,0
C,,27,34,1
C,35,24,34,1
C,34,22,34,35
D,32,23,33,10
D,36,25,35,1
C,34,24,,1
C,38,30,38,0
C,36,24,32,9
C,35,23,35,1
A,,25,36,1
B,32,26,34,0
B,33,24,34,71
D,34,24,34,40
C,36,25,34,8
C,36,27,38,0
B,32,23,33,3
J,38,21,34,18
DD,38,26,36,1
B,34,24,32,2744
B,34,35,34,5
C,35,25,35,3
B,31,24,35,3
B,32,23,33,0
C,38,23,35,6
A,32,23,33,1
A,33,25,33,1
B,34,24,33,10
B,34,25,34,1
A,24,27,34,0
C,34,22,37,16
C,37,25,36,16
C,34,26,40,7
C,36,26,36,9
B,34,24,35,6
DD,36,23,32,2
A,34,26,36,0
D,36,28,44,162
C,34,25,36,3
B,34,24,35,1
C,36,23,34,1
B,33,24,34,70
D,32,24,33,4
B,32,24,34,88
C,34,24,34,2
C,32,24,32,0
A,33,22,33,1
B,34,24,32,49
C,34,24,36,1
C,34,30,40,207
C,32,24,35,1
C,36,22,32,1
D,36,24,36,0
B,33,24,35,26
C,30,26,34,33
B,32,24,34,3
C,34,27,32,2
C,32,24,35,0
C,36,23,33,1
B,34,26,32,34
B,32,23,34,74
B,34,25,35,1
B,33,24,34,11
A,32,23,33,1
C,40,28,41,0
B,32,26,34,0
D,36,24,35,2
A,32,23,35,1
C,34,24,35,0
B,34,26,35,1
DD,38,26,37,1
B,34,24,36,1
D,,26,34,1
L,40,30,40,1
B,33,24,35,3
C,34,22,34,0
C,30,26,35,66
C,34,29,34,29
C,35,25,33,2
C,34,24,36,5
C,36,24,34,1
C,33,25,36,1
B,34,25,34,1
DD,32,24,34,1
B,36,26,34,1
C,37,30,44,0
B,32,24,34,2
DD,34,25,40,0
B,34,24,35,4
K,47,30,37,33
B,32,25,34,293
C,32,23,34,19
C,35,24,35,1
C,34,26,34,1
A,32,22,34,7
B,34,24,34,13
C,34,24,34,0
B,34,25,37,1
B,32,23,35,1
C,34,23,34,0
B,32,25,35,4
C,36,20,36,4
A,30,24,33,132
B,34,25,35,14
D,34,26,33,15
L,49,26,36,1
C,36,23,34,0
C,36,25,34,1
B,34,24,34,72
B,32,24,33,2
D,34,23,33,67
E,34,22,34,0
A,31,24,36,1
C,32,21,34,0
B,34,26,32,11
B,32,24,35,1
C,38,24,35,0
C,34,24,34,10
B,32,23,35,3
DD,42,26,36,1
A,32,23,33,7
C,33,24,35,1
B,33,24,35,7
C,37,25,32,124
C,36,23,33,1
B,35,25,33,56
B,34,23,34,28
C,36,28,39,1
C,33,24,35,1
B,33,24,34,106
B,32,24,35,16
B,34,24,33,20
C,34,27,34,1
C,34,24,32,10
D,32,24,34,2
C,34,28,35,0
B,32,24,33,11
B,34,23,34,107
B,30,24,32,45
DD,34,24,34,4
C,34,24,34,3
B,34,25,34,5
B,34,24,36,1
B,34,24,35,1
A,34,24,34,2
A,34,28,37,0
C,39,23,37,2
B,34,25,34,31
E,36,25,41,12
C,32,26,32,1
C,34,24,34,3
D,36,25,36,68
C,34,24,34,1
D,35,24,35,5
F,32,28,37,28
C,37,25,36,89
DDD,44,25,36,2
D,36,24,35,53
C,34,23,35,4
C,37,23,35,18
B,34,23,35,100
A,32,24,34,0
B,34,26,34,1
C,34,25,35,13
B,33,23,34,2
A,32,25,36,0
C,36,23,34,18
C,34,24,35,5
B,34,34,33,1
B,34,24,34,1
B,32,24,34,1
C,34,24,34,10
C,34,23,34,0
A,34,25,38,0
D,34,26,36,1
A,33,24,33,19
C,34,22,34,8
DD,34,24,34,14
F,40,38,56,1
B,35,26,36,7
C,34,24,35,2
B,34,26,37,0
C,34,25,25,18
D,39,22,35,0
B,33,24,33,0
B,32,24,34,8
A,29,22,33,0
C,34,24,33,14
C,34,24,34,0
D,34,27,34,5
C,32,24,34,0
C,34,24,34,6
A,34,24,36,0
D,32,23,35,5
D,38,26,36,2
A,33,23,33,0
A,34,23,33,1
B,34,25,33,124
D,32,24,33,4
A,33,23,34,34
B,34,25,36,13
B,34,27,36,0
B,34,24,35,13
DD,34,25,36,14
B,32,23,35,1
A,32,25,33,1
A,32,25,36,0
L,43,29,35,1
B,32,23,33,6
D,34,23,34,13
C,34,25,36,4
AA,33,24,33,1
C,36,24,36,0
C,36,24,35,67
B,34,23,33,166
A,34,23,35,8
A,32,25,33,1
B,32,19,,1
B,34,25,33,3
DD,34,25,31,1
A,30,23,33,0
DD,30,24,32,1
D,36,26,39,4
B,34,25,34,5
D,34,25,35,3
B,34,24,35,4
HH,42,22,36,27
C,37,24,37,5
D,36,25,34,3
B,34,24,34,1
A,33,24,35,1
DD,34,26,34,0
C,32,25,32,1
D,36,23,33,30
B,34,24,33,0
C,34,27,37,1
B,34,25,36,11
B,32,24,32,0
C,32,26,34,1
DD,34,23,34,1
B,34,23,34,25
C,34,24,35,4
L,60,26,36,14
D,34,20,34,3
C,36,22,35,7
C,34,30,33,0
D,32,24,34,0
D,36,24,35,4
D,36,29,37,1
B,34,24,34,3
D,34,24,34,1
B,32,24,32,2
C,36,27,35,0
D,36,24,35,6
B,32,24,36,5
B,34,24,34,0
B,32,24,34,95
AA,34,23,33,1
B,34,25,33,9
L,48,36,42,0
D,36,29,38,1
C,36,25,34,2
A,33,25,32,1
C,27,26,36,78
C,34,24,33,2
B,34,24,37,0
DD,36,22,34,1
C,32,26,35,0
A,32,24,35,3
A,36,24,33,1
C,34,25,34,4
A,34,23,34,1
C,34,23,33,19
C,36,29,36,1
G,37,25,37,5
B,33,23,34,10
A,32,23,33,1
D,34,25,36,94
C,34,28,36,5
A,34,23,34,46
B,34,24,36,2
B,32,25,30,20
DD,34,25,36,6
B,33,25,33,306
C,34,24,35,1
D,36,24,36,3
D,32,26,34,2
B,33,25,34,716
B,33,24,35,3
C,34,23,35,2
B,34,23,34,55
DD,34,25,36,3
D,36,24,35,92
C,36,26,26,1
D,34,24,36,17
B,31,23,34,0
F,34,27,36,0
C,34,26,33,0
C,34,22,34,0
B,34,24,36,0
B,34,26,36,0
B,34,24,34,19
AA,36,23,34,1
C,36,28,37,0
D,36,24,36,1
C,34,24,34,1
C,36,25,36,1
B,30,23,33,1
B,34,24,34,1
A,33,23,35,0
C,34,25,35,3
D,34,25,35,0
B,34,25,35,216
C,34,25,36,9
C,36,28,39,4
B,36,27,38,0
C,35,24,34,2
B,32,22,32,0
D,34,24,34,0
F,30,24,34,3
A,33,24,33,1
B,34,26,36,98
B,32,23,32,7
D,34,22,34,16
B,34,24,35,0
DDD,34,26,36,3
C,35,24,34,5
B,33,24,34,2
C,36,27,37,2
B,33,24,34,0
C,32,25,35,2
C,35,26,36,203
DDD,32,25,35,1
B,32,23,33,192
D,34,24,35,1
C,34,23,33,1
D,36,26,38,0
D,36,24,37,1
B,34,26,34,0
B,36,25,32,32
D,37,25,36,0
C,34,22,34,0
D,38,24,35,145
C,35,25,34,1
D,32,22,36,1
D,36,23,36,17
C,32,24,35,0
A,34,24,35,360
A,34,24,36,1
C,34,25,34,41
B,34,25,33,1
D,32,23,36,88
DDD,34,25,38,1
DD,34,25,38,1
C,32,23,34,1
D,36,25,34,1
DD,36,24,36,71
C,32,24,33,1
D,34,26,36,2
A,32,24,34,3
C,34,25,34,56
D,36,24,36,0
C,34,25,34,0
C,34,23,28,1
A,34,25,35,0
C,35,23,34,38
B,36,26,34,1
F,38,20,30,2
B,33,23,35,3
D,38,26,34,1
C,34,24,35,101
B,34,25,35,0
B,34,25,36,2
C,35,22,34,2
D,34,26,35,0
B,35,24,36,47
D,34,23,34,0
A,34,25,35,5
B,34,24,35,1
B,34,24,37,1
C,36,24,34,1
DD,32,20,26,1
A,34,24,35,2
C,30,25,34,81
C,35,25,33,21
D,38,22,36,0
D,34,24,34,1
B,32,24,35,1
B,34,24,34,2
D,34,27,34,12
A,33,23,32,562
C,34,25,34,41
DDD,38,26,36,9
C,34,24,35,3
A,34,23,36,1
B,34,24,35,2
D,37,23,37,10
B,34,25,32,25
B,32,23,32,1
F,32,26,36,2
B,34,24,34,1
F,36,25,37,3
D,32,24,34,1
C,36,24,36,184
B,33,24,35,3
C,34,24,34,0
D,32,24,36,3
C,36,26,36,0
C,32,25,34,1
D,34,24,36,2
B,34,24,34,55
D,36,21,32,1
B,36,25,36,1
D,32,24,34,40
DD,39,32,42,3
B,36,24,35,2
D,32,22,34,34
C,36,24,36,1
B,34,24,33,18
A,33,22,32,6
C,34,24,31,1
B,32,23,34,5
A,30,20,30,14
B,34,23,34,0
D,41,25,36,9
B,34,25,35,0
B,34,24,35,13
B,32,25,34,66
C,32,25,35,1
DD,36,24,34,0
C,34,25,38,0
A,32,24,34,0
C,30,25,35,0
A,30,23,32,133
D,36,24,36,0
D,37,26,38,1
DD,34,26,36,4
D,32,22,33,36
C,35,22,36,242
B,35,24,34,20
B,34,25,34,1
C,41,27,36,9
B,34,23,36,35
C,34,27,34,63
DD,38,26,36,12
C,32,23,32,11
D,38,20,35,0
A,34,25,33,3
B,33,25,34,36
A,34,24,35,2
DDD,,24,,6
A,34,25,33,1
C,34,26,35,0
C,35,23,35,1
C,36,24,35,21
D,35,25,34,0
C,34,24,35,2
B,36,25,36,5
C,35,22,32,1
B,36,25,35,10
C,36,24,34,1
DD,36,26,36,29
D,36,24,36,0
B,30,24,35,13
C,36,24,34,14
B,30,23,32,39
B,36,27,34,15
A,34,24,34,1
B,34,21,34,0
B,34,24,35,1
D,38,26,36,37
DD,38,25,35,363
C,36,24,36,0
A,32,24,34,1
B,34,24,34,53
C,36,27,37,0
A,33,23,32,15
C,32,23,33,18
B,36,27,37,40
C,34,23,33,5
B,30,23,33,39
C,36,22,33,1
C,34,24,35,6
C,36,25,34,12
B,34,24,35,1
D,36,24,36,1
B,34,23,34,34
C,36,27,35,0
C,34,26,35,24
B,32,24,34,1
B,34,23,33,2
D,36,25,35,8
A,32,23,33,36
A,32,23,33,72
B,34,26,35,31
B,34,25,35,1
D,36,25,37,15
A,33,25,35,1
A,34,26,34,0
C,35,26,36,0
C,34,26,36,2
A,34,25,35,1
A,33,23,34,2
D,38,36,51,0
C,34,23,35,21
FF,34,32,40,0
B,32,24,36,0
D,36,23,37,0
B,34,24,36,0
B,32,25,36,0
B,32,24,32,1
B,33,24,36,1
K,47,24,36,7
D,34,26,40,32
C,34,22,35,0
C,34,24,34,0
A,33,26,34,1
C,33,24,34,8
D,35,20,35,1
C,34,26,34,1
C,36,24,35,1
B,34,24,32,2
B,32,24,33,0
B,34,24,34,157
DD,36,25,35,2
C,34,24,34,0
D,34,23,33,5
C,36,24,36,27
B,32,25,32,0
B,32,25,36,1
B,34,24,33,1
D,34,23,34,24
B,34,27,32,37
B,34,23,34,0
C,32,22,34,0
D,36,27,37,8
D,36,26,38,0
C,34,25,34,1
C,36,24,36,2
DD,38,26,36,35
DD,32,24,37,3
C,34,26,36,1
A,31,22,36,13
DD,34,25,36,1
A,34,23,35,0
C,38,25,36,96
B,34,22,36,15
D,36,24,35,3
D,35,24,36,5
DD,39,23,35,0
E,34,24,38,1
E,30,22,34,1
C,38,30,39,3
C,34,24,34,1
B,32,23,34,0
C,34,23,34,6
B,36,26,36,5
C,34,26,35,18
B,34,26,37,0
C,34,26,38,3
B,32,24,32,6
C,36,23,36,0
C,32,24,34,1
C,35,27,35,2
DD,34,24,34,2
A,34,24,32,4
B,34,25,36,25
B,34,25,30,15
B,32,23,30,0
A,34,24,33,1
B,34,24,35,1
B,33,24,34,0
C,36,22,35,10
D,34,25,35,0
DD,38,26,35,1
DD,38,22,36,7
D,33,23,34,0
A,32,24,35,1
DDD,36,32,38,4
F,30,25,32,2
AA,32,22,34,2
C,37,26,38,2
B,34,25,33,55
B,34,24,34,1
C,34,24,36,0
B,34,24,34,1
D,36,25,35,17
A,32,25,34,1
B,30,20,33,9
C,36,23,34,0
GG,41,26,37,0
C,35,27,34,1
C,34,24,34,2
B,34,27,37,32
C,34,23,35,7
A,35,23,33,1
B,34,25,36,2
D,34,25,35,3
D,36,26,36,13
B,32,26,33,1
B,32,24,34,23
C,35,24,36,0
G,34,24,34,10
A,32,25,35,2
D,34,26,33,1
D,36,25,33,23
C,36,27,36,34
D,34,27,35,0
C,34,23,34,3
A,33,25,34,0
B,34,24,33,3
C,32,25,35,1
B,36,24,37,8
C,34,24,34,14
B,34,26,35,157
B,34,26,37,52
C,34,25,35,0
B,36,24,35,30
A,34,24,34,0
B,34,24,35,0
C,34,24,34,2
A,32,28,34,1
C,34,23,35,1
DD,38,23,32,27
B,34,30,37,14
C,34,24,35,30
D,36,21,39,6
C,34,26,37,11
D,36,25,36,111
D,32,24,34,0
FF,32,24,34,2
DD,44,23,34,1
C,35,25,34,1
D,36,24,34,0
B,32,23,33,1
E,36,24,38,96
C,34,24,35,1
B,36,25,36,12
C,36,26,40,0
C,36,24,35,0
B,32,25,35,2
A,34,24,34,26
C,35,25,36,1
A,32,24,36,1
D,36,24,35,0
C,36,24,35,1
C,35,24,35,30
A,34,23,33,3
D,32,23,34,0
C,34,24,34,21
B,33,25,31,0
B,34,24,36,0
F,34,28,45,571
B,30,22,33,111
B,34,25,35,7
D,42,28,38,4
C,34,24,34,8
B,30,23,30,16
D,34,24,35,6
B,34,28,35,46
DD,36,27,36,6
B,36,24,35,54
C,34,24,34,8
B,32,23,33,0
C,36,24,33,0
B,34,23,34,216
B,34,24,32,21
A,32,23,33,3
C,34,24,35,4
C,36,27,35,1
B,24,24,35,13
D,34,26,36,0
D,36,28,39,1
DDD,34,24,35,14
A,30,26,33,1
C,36,21,37,0
C,32,22,32,2
D,36,24,35,25
A,33,24,33,49
B,34,25,33,101
B,33,25,34,37
D,38,26,36,5
C,34,24,34,15
C,34,22,34,12
D,34,25,34,1
C,34,24,33,2
A,32,23,33,1
A,34,26,33,190
C,35,18,34,0
DD,34,24,34,78
B,34,24,34,1
DD,36,25,36,0
B,34,23,34,1
A,34,24,33,16
B,34,26,34,14
B,35,24,35,0
B,36,26,36,1
C,32,25,36,0
B,34,24,30,0
C,35,25,35,13
A,34,25,35,0
D,40,22,34,1
AA,34,24,35,12
A,33,25,34,3
C,36,23,34,5
C,34,24,36,1
A,34,24,34,0
B,33,25,37,0
D,34,24,35,0
DD,36,24,36,28
C,34,23,35,1
B,32,23,32,1
C,35,24,35,2
A,33,24,32,147
B,36,23,35,50
C,35,22,35,7
B,323,25,35,1
C,32,24,35,2
A,34,24,32,1
C,34,27,40,53
D,36,22,33,2
B,32,23,34,6
C,34,25,35,1
C,36,25,36,1
C,33,24,33,1
A,32,24,34,480
B,33,25,34,49
D,36,25,35,4
D,34,27,36,1
B,34,26,36,0
B,34,28,36,33
C,44,43,49,29
C,32,26,34,0
B,38,29,39,234
A,33,23,34,185
C,34,24,35,208
B,35,24,35,32
DDD,38,24,36,0
C,36,27,36,1
B,35,28,37,0
A,32,24,34,0
B,34,26,36,0
D,36,25,35,49
B,34,24,34,0
D,34,24,33,1
D,36,22,34,2
B,34,24,35,2
A,32,24,33,1
D,36,25,36,3
B,33,25,32,3
DDD,34,27,34,9
D,34,24,35,4
B,34,26,35,31
C,32,24,32,1
C,38,33,43,0
C,24,25,34,2
A,34,25,36,0
A,33,22,33,1
DD,36,26,36,3
B,34,25,35,1
C,36,28,34,10
A,34,24,34,1
B,34,23,33,14
C,32,22,32,20
C,34,24,35,57
D,35,23,33,0
DD,36,24,35,0
C,35,23,35,7
C,36,26,35,3
B,34,26,36,106
C,34,25,34,6
A,30,23,32,1
C,35,23,35,2
DDD,34,24,40,21
B,34,23,36,7
C,32,24,35,1
B,34,23,33,10
B,36,24,36,4
D,34,24,35,0
D,39,22,36,0
A,32,23,34,105
D,35,24,35,0
C,35,24,36,0
C,36,24,34,1
A,33,23,33,2
B,34,26,34,7
A,32,24,35,0
B,36,25,35,1
C,33,23,35,1
B,34,25,35,1
B,34,27,35,1
B,36,23,36,4
D,34,25,35,0
C,34,27,37,0
FF,38,26,37,1
B,34,24,33,37
C,36,24,36,0
C,34,26,37,0
B,34,25,36,28
B,32,25,35,0
B,35,24,35,1
DD,34,22,36,5
B,34,25,34,1
C,34,24,36,22
A,32,23,33,1
C,34,23,34,0
C,34,25,36,2
A,36,24,36,5
D,34,24,34,5
A,32,23,30,1
C,34,22,34,3
A,33,24,33,1
C,34,28,36,0
D,34,21,35,0
B,36,24,36,31
C,36,23,36,0
C,34,24,34,0
D,34,24,34,0
B,34,24,34,0
DD,34,24,34,1
A,32,23,33,2
C,36,28,36,1
D,34,26,36,2
B,32,24,32,3
B,34,21,34,0
C,35,22,35,1
E,34,24,36,1
B,36,25,36,56
B,34,25,36,0
D,34,24,34,8
B,32,24,34,6
D,36,24,34,1
C,34,26,36,8
DD,36,25,34,7
D,37,22,35,0
DD,34,24,35,3
DD,39,25,37,1
C,32,25,34,0
E,32,24,34,9
EE,32,22,36,1
D,36,28,37,52
C,34,24,34,6
B,32,24,35,4
C,34,24,36,93
B,34,25,32,24
C,36,24,36,1
B,34,22,34,2
D,35,26,35,5
C,34,25,34,1
D,38,24,35,1
B,34,26,34,74
DD,34,26,36,0
C,34,25,36,0
C,32,23,32,1
C,34,24,33,7
B,34,24,36,88
DD,38,28,40,1
B,32,23,33,0
B,32,22,33,0
D,36,26,36,14
DD,36,24,36,19
C,34,25,35,0
C,32,24,34,5
A,32,24,35,0
B,34,24,34,6
B,34,23,24,10
C,35,25,36,2
B,34,24,34,1
C,34,26,39,0
B,33,24,34,58
C,35,27,35,159
C,34,24,36,106
B,34,23,35,2
C,36,24,36,19
DD,38,26,37,1
B,34,23,34,65
C,34,23,34,0
C,33,23,34,1
D,34,26,32,0
C,39,28,38,36
D,38,28,37,361
C,34,24,36,1
D,34,24,34,2
C,32,23,34,5
C,35,22,34,0
D,40,24,34,1
B,34,25,34,1
B,32,24,34,0
C,34,26,35,1
C,34,24,36,294
AA,32,23,33,1
DD,34,24,34,1
B,32,24,32,22
B,36,24,34,2
C,37,22,35,60
B,34,24,34,1
C,34,23,35,959
C,35,25,34,2
A,32,24,36,1
D,34,26,34,1
B,34,26,36,7
C,37,28,38,8
A,32,23,33,1
C,34,24,34,0
EE,40,25,36,3
C,38,25,37,0
C,34,27,38,1
DD,34,22,32,1
A,34,24,34,1
C,34,24,36,0
C,34,24,35,3
B,34,24,34,16
D,38,24,35,3
B,34,25,34,64
C,34,24,35,1
D,36,25,36,37
B,34,25,35,20
B,33,24,35,0
FFF,34,24,34,4
B,32,24,33,24
D,32,27,34,1
C,38,24,34,2
D,36,26,36,1
D,34,23,34,0
B,32,22,32,0
C,34,24,34,7
D,34,26,38,17
C,32,24,33,1
C,36,22,34,1
D,34,25,34,8
D,36,28,34,20
C,35,24,34,21
C,32,23,33,1
D,36,26,31,0
C,34,24,34,36
B,32,25,35,0
C,36,23,36,2
DD,30,24,32,0
C,36,27,36,4
C,34,26,36,8
D,34,23,34,3
C,34,25,35,0
D,32,23,33,17
B,34,26,36,11
B,34,23,30,2
DD,34,24,34,10
B,32,24,33,2
C,36,24,35,59
D,34,24,34,5
B,34,23,34,44
H,46,22,36,4
B,32,23,33,0
B,32,24,33,1
C,32,24,35,1
D,32,22,32,1
A,34,26,35,1
B,34,24,35,1
C,36,31,44,1
C,36,24,35,7
A,34,25,35,1
D,36,24,36,0
C,34,24,34,1
C,32,24,32,1
A,34,24,35,69
EE,53,24,34,14
B,36,34,37,0
B,30,23,33,7
C,34,25,35,14
C,34,25,36,17
B,32,24,35,3
C,35,25,34,1
D,36,25,35,36
F,34,27,38,1
B,34,24,35,5
C,36,23,35,5
B,33,24,33,0
C,32,24,34,1
C,34,24,35,304
B,34,24,35,2
B,34,24,35,2
D,36,25,34,1
B,34,25,34,25
C,34,26,38,0
C,34,24,36,2
B,34,27,34,4
C,35,24,35,0
C,33,23,33,62
B,32,23,34,4
DD,34,27,37,3
B,36,25,35,37
DD,32,24,32,2
B,33,23,33,2
C,34,23,33,1
A,34,24,35,0
C,36,26,35,1
DD,30,26,35,3
A,30,22,32,5
C,32,23,34,9
C,34,26,45,5
DDD,40,25,36,6
D,34,24,35,2
C,36,24,33,0
DD,35,25,35,1
DD,32,23,33,0
B,34,24,35,9
B,36,25,36,64
B,34,28,37,1
A,34,24,34,23
D,33,22,33,21
C,34,22,30,5
B,37,25,35,7
C,34,24,34,5
J,44,24,34,3
B,32,24,34,3
A,34,26,36,0
B,34,24,35,1
D,34,23,47,2
J,59,26,36,23
G,44,24,34,5
B,32,24,33,0
B,34,25,36,22
B,38,32,41,1
D,34,24,35,748
C,34,28,32,0
C,36,24,35,8
B,34,24,34,40
D,32,22,33,18
B,32,24,35,2
C,36,23,33,1
C,36,24,38,4
C,36,22,34,15
C,38,26,37,0
B,34,26,36,0
C,40,24,36,9
C,36,27,35,1
D,34,22,34,0
A,33,24,34,28
C,36,29,32,0
B,34,24,36,0
F,34,24,24,15
D,34,23,32,5
B,34,26,35,7
B,34,25,36,1
C,32,25,35,0
B,34,24,36,2
A,33,25,32,1
D,35,27,35,466
D,34,24,32,30
B,35,23,36,3
DD,34,25,37,2
A,34,22,36,4
C,33,23,34,1
B,34,24,36,4
D,35,25,36,0
C,37,26,36,1
DD,36,24,36,24
B,34,24,34,4
B,34,24,35,0
B,34,24,35,0
D,36,23,34,46
A,33,24,33,0
C,34,22,34,0
B,32,26,34,2
C,35,26,34,4
B,34,25,35,1
AA,32,22,31,1
C,32,27,30,9
C,36,24,35,2
B,34,24,34,4
B,32,23,36,1
C,34,24,35,72
D,36,29,38,2
C,33,23,34,1
C,32,22,34,3
C,36,24,36,30
C,34,24,37,7
D,36,24,36,0
D,35,26,37,1
GG,44,28,36,4
B,34,24,34,3
B,34,24,35,1
C,33,22,34,66
D,36,25,36,0
A,32,21,31,0
A,32,24,31,2
A,35,25,35,1
F,40,26,38,1
E,38,24,32,172
C,36,24,35,0
B,35,25,35,13
B,34,24,35,60
B,34,24,35,16
C,36,32,43,12
B,32,25,33,1
A,32,23,33,1
C,34,23,32,21
C,36,23,36,4
B,34,23,33,59
B,34,26,36,4
B,34,27,25,0
C,32,23,34,1
D,32,25,36,2
B,34,24,33,179
C,35,24,35,1
B,34,23,34,33
A,32,23,33,0
C,34,24,34,12
B,38,30,40,10
D,34,24,35,26
DD,36,23,36,3
G,46,30,46,12
B,34,24,34,3234
C,36,25,34,76
DD,38,26,38,0
A,33,24,34,11
C,35,24,35,1
D,34,25,34,19
B,34,24,36,4
B,34,27,35,7
DD,45,26,36,1
B,34,24,35,2
D,36,25,37,1
D,36,24,36,1
C,34,23,33,16
A,34,24,36,1
A,32,23,35,0
C,32,25,34,119
B,33,24,33,1
DD,34,24,34,0
D,34,24,34,1
DD,32,25,33,1
D,36,25,36,9
C,32,25,33,180
B,32,23,34,5
B,32,24,34,1
D,37,23,35,13
B,34,25,35,31
B,34,24,34,22
C,32,22,35,1
B,34,25,36,0
B,32,28,71,0
D,38,22,33,3
F,37,27,35,1
D,34,25,34,0
C,36,23,36,52
B,34,24,34,3
B,35,24,36,0
B,34,25,36,2
A,33,24,34,0
C,36,30,39,0
A,32,23,33,1
A,34,24,34,1
A,34,24,33,1
C,34,26,34,1
A,32,23,32,3
D,36,24,35,9
D,36,27,34,7
DD,38,26,36,0
B,34,25,34,23
A,34,25,35,1
C,36,28,35,0
F,42,26,36,6
A,34,24,38,0
B,34,24,39,0
D,32,24,34,21
B,34,25,34,0
DD,32,25,34,1
C,34,27,36,2
C,36,29,35,0
B,32,24,35,5
D,34,25,38,10
C,32,24,30,10
DD,34,28,36,0
B,34,23,32,1
B,34,24,24,172
B,32,24,34,1
D,39,25,36,0
D,39,25,35,2
B,36,27,35,78
C,34,24,35,1
B,34,23,34,8
C,36,24,34,1
C,34,22,33,1
D,36,27,37,0
C,34,24,36,0
D,34,25,35,1
B,34,23,33,3
B,34,24,34,25
B,34,26,37,0
A,33,23,34,48
B,34,25,34,8
D,37,24,36,1
B,34,25,34,3
B,32,24,32,4
C,33,222,33,2
C,36,25,35,1
A,34,24,34,2
C,36,24,36,13
C,34,23,34,6
GG,36,25,37,2
A,32,24,34,0
GGG,42,25,35,1
C,32,24,33,7
B,34,24,35,2
A,32,22,32,1
C,34,24,36,2
C,36,25,35,3
DD,36,26,36,42
H,44,24,34,2
D,36,24,35,4
B,30,24,35,2
DD,34,23,34,1
C,35,26,36,481
D,34,26,36,2
A,32,23,33,1
C,36,24,36,1
D,34,28,38,10
B,34,24,34,3
B,32,23,33,32
A,34,25,35,0
C,36,23,34,5
B,32,24,34,1
A,34,25,35,1
C,36,23,34,1
A,31,24,34,1
D,36,25,34,2
C,34,27,36,54
D,34,25,35,0
DD,36,26,36,1
B,34,24,36,0
C,36,27,37,0
B,33,23,33,1
DD,32,27,34,1
B,36,24,36,17
B,35,27,34,24
B,35,24,36,18
DDD,36,29,40,1
D,39,23,35,0
C,36,22,36,4
C,34,25,36,0
B,34,23,33,1
B,33,25,34,10
DD,36,26,38,1
B,34,24,34,127
C,33,23,33,71
DD,36,24,35,14
B,35,25,34,665
C,36,25,36,3
B,34,25,36,11
A,34,25,36,0
B,34,26,35,10
C,37,23,37,75
C,32,22,33,1
D,34,24,32,0
C,34,25,35,1
D,38,24,36,0
B,32,26,36,2
B,34,24,32,4
DD,36,28,36,6
C,34,25,35,118
D,34,25,34,2
B,34,23,34,49
C,35,26,38,3
C,36,24,35,3
B,34,24,35,0
B,34,25,35,9
D,34,24,34,3
B,34,23,33,37
C,35,24,36,83
A,32,23,34,1
J,42,23,34,5
B,34,24,34,1
B,24,27,42,0
B,34,27,38,1
C,36,21,34,2
C,34,24,34,4
HH,42,23,34,24
B,33,24,34,20
A,34,20,34,308
C,37,27,37,9
B,34,24,35,5
C,34,24,35,3
DD,32,25,36,0
C,34,24,34,12
C,38,26,38,1
B,34,23,35,266
C,34,22,34,0
C,32,24,32,0
F,34,26,36,3
C,34,26,38,1
C,37,28,36,32
A,33,25,33,1
DD,34,24,34,5
D,36,28,37,28
C,37,32,35,0
DD,42,24,36,1
C,39,23,37,5
B,33,25,34,1
C,32,26,36,1
C,33,24,35,3
B,34,24,34,0
C,36,26,33,1
A,34,25,35,1
B,34,23,34,5
A,33,24,33,1
DD,38,21,36,8
D,39,22,36,0
C,35,29,34,0
B,34,26,35,56
B,32,22,33,5
B,34,30,36,2
B,34,24,34,35
C,33,24,34,24
A,35,24,35,4
C,34,24,36,138
F,32,25,37,1
D,36,26,36,0
B,36,26,34,1
B,36,25,33,85
C,36,24,36,1
D,35,22,34,33
B,32,23,33,4
D,32,24,34,42
B,34,24,33,283
A,32,23,33,0
B,34,23,35,1
B,36,26,38,7
B,34,25,35,117
C,35,24,36,2
C,38,26,38,0
B,36,27,38,0
C,37,23,36,68
D,34,23,34,105
G,34,24,40,1
C,34,28,38,0
C,34,24,36,0
A,32,22,34,0
C,36,27,37,138
D,34,27,35,70
D,36,18,34,0
C,36,24,36,1
D,34,27,32,1
C,32,23,32,66
D,34,25,34,1
C,34,25,35,143
D,38,26,36,8
D,38,22,42,1
A,33,24,34,5
AA,36,23,33,1
B,34,24,33,3
C,32,28,34,22
D,36,21,32,0
DD,38,25,36,9
DD,36,24,35,4
B,32,24,33,9
A,34,24,34,0
E,34,29,40,3
C,34,26,36,126
C,34,24,35,1
C,34,26,36,3
C,34,26,34,2
B,34,24,36,20
B,32,26,36,0
D,32,26,37,4
B,34,25,34,2
C,36,30,38,43
C,36,25,34,61
B,33,25,35,8
C,34,25,35,3
B,34,23,34,0
B,34,24,33,145
B,32,24,34,8
C,36,25,36,2
C,34,24,32,21
C,32,24,36,2
D,34,25,36,2
B,33,23,34,3
C,32,24,32,11
D,36,23,35,13
C,34,26,33,1
B,36,27,37,5
D,39,19,33,0
GG,34,24,35,2
E,34,25,35,108
B,32,23,33,1
B,34,25,35,1
B,34,24,34,31
B,34,24,35,1
B,34,24,35,3
A,36,24,38,0
B,34,29,41,0
C,30,23,33,34
C,36,28,32,0
G,42,26,34,3
C,38,22,36,9
D,34,25,35,29
C,36,23,32,1
B,34,25,34,3
C,36,25,36,0
C,34,20,34,200
B,34,24,34,137
C,,25,35,1
C,34,22,34,305
FF,38,25,36,6
C,32,22,33,5
B,30,23,33,14
C,36,23,36,0
C,32,25,35,1
J,44,30,38,3
D,35,25,34,86
A,34,24,32,37
C,34,24,34,2
D,38,30,46,13
C,34,24,,1
C,34,24,35,0
B,32,23,34,1
C,37,25,38,2
B,33,24,34,14
B,34,24,34,1
C,32,27,35,167
B,32,26,36,7
C,39,24,35,21
B,35,24,37,4
C,36,26,37,0
C,36,23,32,0
C,34,23,33,43
B,34,23,34,0
D,38,26,36,88
B,34,24,33,1
B,34,25,35,61
GG,32,26,32,5
DD,32,32,27,0
C,34,26,35,9
D,34,26,33,1
D,36,25,36,3
B,36,24,35,2
A,32,23,32,252
DD,32,24,36,1
C,34,24,32,69
B,34,25,34,143
DD,32,24,35,1
C,34,23,33,1
B,32,25,35,15
B,34,24,34,24
C,33,22,32,0
B,34,24,35,0
A,34,24,34,1
A,33,27,34,4
D,36,24,36,2
D,30,23,34,1
A,34,24,33,1
F,32,28,39,240
C,36,23,35,306
B,32,24,34,0
A,32,24,33,0
C,36,23,34,1
DD,36,34,42,0
A,32,27,39,0
D,34,27,36,1
B,32,25,35,9
C,36,25,35,6
B,36,25,36,12
C,34,24,35,11
B,34,25,35,0
C,32,24,35,1
A,30,24,32,1
C,34,24,33,3
F,32,24,36,50
B,34,26,35,1
A,30,22,31,0
B,34,23,34,79
A,32,24,33,87
D,34,24,36,2
B,32,24,34,9
A,30,26,33,11
C,35,24,33,4
B,33,23,34,69
C,36,24,34,20
C,35,25,36,3
B,32,24,30,7
G,34,25,36,4
C,32,26,32,1
C,34,24,34,0
C,32,24,35,2
C,34,25,36,0
D,34,25,35,4
C,35,23,33,60
B,34,24,36,9
A,34,24,32,213
B,36,23,35,76
C,32,24,32,0
C,34,29,34,0
C,36,28,33,0
B,34,24,36,1
DD,32,24,34,0
C,32,26,36,1
C,34,24,32,0
C,36,24,36,0
A,32,24,33,100
D,32,24,31,0
C,36,24,35,1
C,35,24,34,1
B,33,24,34,6
B,32,25,35,0
D,32,22,32,21
A,34,24,24,5
C,36,26,38,1
B,36,25,36,11
C,33,23,33,961
AA,34,23,34,1
D,42,34,46,4
D,32,24,34,13
C,37,25,37,15
B,34,26,32,15
D,34,24,36,0
C,34,26,34,1
DD,32,25,35,2
C,36,26,35,0
C,36,24,35,125
D,36,32,43,0
C,36,26,35,4
C,34,22,35,0
DD,38,28,38,0
K,56,24,36,4
F,34,23,35,6
B,32,24,33,7
C,34,23,33,1
DD,36,26,34,71
C,36,24,34,1
B,32,24,34,0
D,32,24,35,3
C,32,26,36,4
B,34,23,34,12
B,32,23,34,2
A,32,24,33,42
DDD,34,26,34,33
D,32,27,32,0
B,35,23,36,7
C,34,24,34,3
B,34,24,35,0
B,34,24,35,18
C,35,24,35,0
C,34,23,34,2
D,36,24,36,1
A,34,24,33,1
B,34,22,34,22
B,34,24,33,3
D,34,25,36,7
A,35,25,35,8
C,34,24,35,1
D,36,26,36,25
AA,32,25,34,12
B,36,23,35,26
A,34,24,33,4
A,30,24,34,0
B,34,25,35,1
C,35,24,34,0
C,32,25,32,3
B,32,25,35,6
A,36,23,33,1
B,34,24,34,1
A,34,26,36,8
D,36,26,36,18
D,34,28,38,0
D,34,23,34,0
A,33,24,35,0
DD,34,22,34,9
C,36,22,35,0
C,34,27,35,550
A,32,25,35,240
B,36,37,42,19
D,34,25,35,0
B,34,23,35,3
C,35,25,35,64
C,32,24,34,1
D,34,24,34,0
F,34,26,36,0
A,34,24,34,2
C,34,27,32,1
B,34,24,34,2
B,32,26,33,227
B,34,21,34,1
D,34,24,36,1
C,34,25,36,0
C,36,26,37,1
C,38,23,36,9
D,36,24,34,1
C,35,23,33,14
C,30,22,34,13
A,34,24,33,1
C,36,28,36,0
D,36,26,33,22
B,35,24,34,14
C,36,26,36,1
A,32,23,34,52
DD,38,24,36,0
C,34,22,34,22
D,34,24,34,2
C,25,23,34,0
C,34,24,34,8
C,35,25,34,2
C,34,27,37,1
C,34,26,34,0
B,33,24,34,1
C,34,24,34,1
D,34,24,34,43
C,34,25,37,129
A,35,26,36,1
B,34,24,34,3
C,36,23,34,1
B,32,25,30,23
B,34,22,35,10
B,34,24,34,0
B,34,27,36,24
C,35,23,34,2
D,34,26,34,19
B,34,27,37,0
D,34,25,32,0
C,35,25,36,1
B,32,24,34,131
B,33,24,35,0
C,33,23,33,1
D,36,23,35,3
A,30,23,35,144
DD,38,25,34,1
A,34,24,34,17
C,34,24,35,0
B,34,23,34,2
B,34,25,34,1
B,34,25,35,31
C,32,23,33,1
G,30,24,33,1
B,34,23,33,8
E,32,23,36,2
C,34,26,34,1
B,36,25,36,13
B,31,24,34,3
B,34,23,35,6
B,34,24,33,35
B,36,29,39,0
B,34,24,36,1
C,32,24,36,1
C,33,25,35,1
A,33,24,33,5
B,34,23,34,2
D,33,25,35,1
C,34,24,35,1
C,34,24,32,127
HH,36,30,36,1
C,36,24,33,104
D,40,39,51,1
B,36,26,34,5
C,35,24,35,0
DD,37,22,34,10
B,32,24,36,2
B,32,26,32,0
A,31,25,33,17
B,34,23,34,34
C,34,25,37,2
DD,32,26,35,1
C,36,22,36,3
D,34,25,34,2
B,36,24,34,1
D,38,29,43,5
A,32,24,32,37
B,38,30,41,0
C,34,26,35,4
C,34,23,34,0
DD,32,26,32,2
B,32,24,33,31
B,34,24,34,0
D,34,22,32,18
C,36,24,34,1
DD,34,27,34,1
C,35,25,34,1
D,36,24,34,0
B,34,25,35,6
B,34,26,35,19
C,35,25,32,1
A,33,25,34,1
B,34,24,35,0
C,34,26,36,3
C,34,28,36,33
C,38,24,34,1
B,34,23,32,551
B,34,25,34,19
C,34,24,34,0
DD,34,25,35,6
B,35,25,35,1
A,32,24,33,83
AA,36,23,34,1
B,35,24,36,73
B,34,24,35,2
B,34,24,35,75
B,34,27,34,4
C,34,24,34,18
B,36,25,37,2
B,36,25,34,341
C,36,23,35,8
D,34,23,34,7
B,32,24,35,168
C,34,23,36,2
D,36,28,35,22
B,34,24,36,0
D,34,21,31,54
B,34,27,36,11
C,32,24,34,7
DD,32,24,36,0
C,36,24,35,337
A,32,24,34,3
DD,36,25,35,6
D,34,26,34,2
B,36,25,38,43
B,33,25,34,16
D,36,23,34,0
C,33,25,35,3
B,34,24,35,8
C,34,25,36,1
B,34,21,34,0
B,32,25,33,2
D,36,24,34,1
C,34,28,37,86
D,36,29,38,2
DD,36,24,34,0
D,34,24,35,4
A,33,22,33,1
B,32,25,34,3
D,34,24,35,16
C,34,25,35,611
B,24,27,34,1
C,34,24,34,1
B,34,24,34,3
D,36,25,36,9
C,36,23,34,1
C,36,23,36,74
B,34,23,33,418
HH,40,36,41,1
AA,33,23,36,0
B,34,23,34,35
B,36,23,35,1
C,32,24,34,0
C,32,25,31,5
C,36,24,35,2
C,34,25,35,1
C,32,26,35,0
B,34,25,34,25
D,36,23,35,0
B,34,25,34,1
A,32,24,34,2
B,33,25,32,0
H,34,27,44,0
A,32,23,34,157
A,35,25,35,2
G,32,25,35,3
C,37,24,37,0
C,36,27,32,36
B,32,28,33,6
E,32,22,32,1
B,36,28,38,0
C,33,24,34,13
C,34,23,33,1
B,32,25,35,1
DD,34,26,32,1
B,36,25,37,2
B,34,25,34,22
B,34,24,35,33
B,34,24,34,14
B,34,24,34,8
C,34,26,35,3
B,36,28,39,8
C,34,27,34,17
C,37,27,42,3
B,30,23,33,37
B,36,27,37,1
C,34,24,,2
B,34,24,34,1
B,34,24,34,5
F,30,24,34,4
B,34,23,33,327
D,32,23,34,3
C,34,24,35,50
A,30,23,33,4
D,39,26,37,107
B,32,24,35,0
C,34,24,34,2
B,36,24,35,9
DD,36,26,36,1
B,32,21,35,12
A,33,23,32,5
C,36,25,35,4
B,34,24,34,4
B,33,23,33,2
B,34,27,36,4
A,30,23,33,15
B,32,27,36,4
B,36,24,36,9
D,34,24,35,3
B,32,25,36,0
B,34,22,35,19
EEE,44,28,57,7
C,34,25,34,1
B,36,28,36,41
B,34,26,36,2
B,34,24,30,0
B,34,24,34,44
E,38,25,35,17
DD,30,25,34,1
B,35,26,34,34
C,34,26,34,6
A,35,24,34,1
C,34,24,34,0
A,34,23,33,29
D,34,24,34,7
B,36,23,34,4
C,34,26,34,0
D,34,25,35,1
E,33,26,34,0
C,36,23,35,1
B,34,25,35,3
DD,36,26,35,1
D,36,26,36,6
C,34,22,33,3
D,32,27,32,1
DD,41,24,34,1
C,34,27,32,1
B,33,24,34,1
B,34,25,36,20
AA,34,23,34,0
B,33,26,34,11
B,34,23,34,26
D,34,25,36,75
AA,36,23,33,23
C,36,23,32,1
B,36,27,36,1
DD,37,25,35,15
B,33,24,35,1
G,45,26,38,6
B,34,25,34,61
DD,34,25,36,1
FF,28,24,34,3
A,34,25,34,105
B,32,24,34,1
B,30,22,32,18
C,34,24,34,4
B,34,25,35,29
C,34,23,35,6
B,35,25,36,24
D,36,25,36,5
C,34,27,33,3
D,34,25,36,0
D,38,28,37,9
G,36,27,34,2
B,33,25,34,18
B,32,24,31,40
C,36,27,37,1
C,34,24,34,11
B,34,26,36,7
C,34,23,34,35
D,38,26,38,0
C,35,23,35,4
D,35,23,33,10
D,36,24,36,43
A,36,24,35,1
B,34,24,35,6
A,32,25,37,0
A,36,25,35,1
D,37,27,37,1
B,34,23,34,6
C,34,22,34,15
B,34,24,36,4
G,42,31,36,4
B,34,26,33,21
B,34,26,32,3
C,35,26,34,39
C,34,26,36,1
C,34,24,35,0
B,34,24,33,37
C,36,25,36,1
B,34,26,32,19
A,34,24,33,1
B,32,26,36,18
C,35,23,33,2
B,32,22,33,1
B,34,24,35,4
B,34,23,34,0
D,36,22,33,9
B,32,25,37,3
B,36,28,38,0
D,34,24,33,23
D,34,26,36,35
D,36,22,32,2
B,34,24,34,28
J,32,22,32,2
C,36,28,35,82
D,34,26,37,8
B,32,22,33,12
D,34,26,35,1
B,34,24,34,7
A,32,24,34,0
C,36,23,32,1
B,36,22,34,1
D,38,24,34,1
B,34,25,34,83
C,36,23,33,73
C,35,25,34,1
B,34,25,35,3
B,34,25,34,2
B,34,24,34,32
A,34,25,35,1
C,35,25,37,0
C,34,23,35,3
L,50,24,36,4
C,34,23,34,0
A,32,24,34,0
DD,32,22,35,27
A,32,23,34,2
DD,34,22,34,7
B,34,25,37,2
DDD,36,25,36,0
B,33,25,33,1
B,34,24,34,2
B,34,24,35,0
D,40,38,39,23
C,36,22,36,18
B,35,26,40,0
A,32,25,34,0
B,36,23,32,3
D,35,25,34,1
B,34,24,34,116
C,34,25,34,36
B,32,24,34,15
B,34,27,36,7
C,36,24,34,2
B,33,24,35,4
C,25,23,34,12
B,32,23,33,71
B,34,25,35,0
D,36,21,36,0
B,34,24,34,155
B,34,24,34,14
D,36,25,36,1
A,34,24,32,69
DD,36,28,38,5
C,34,24,34,13
DD,41,26,38,0
DD,34,24,35,6
B,34,25,34,0
B,34,24,36,25
B,32,23,34,1
B,32,23,33,15
B,34,25,34,7
A,34,25,34,1
B,34,24,34,1
C,37,26,35,8
C,36,24,34,1
B,34,24,34,3
B,35,22,35,0
F,32,24,34,4
D,34,26,36,2
D,34,24,33,0
C,36,25,35,0
C,34,26,34,901
DD,36,23,34,380
C,32,24,34,0
C,35,24,35,35
C,34,25,34,24
B,32,24,36,2
C,34,26,32,26
D,37,25,36,0
A,32,24,33,5
C,35,25,35,40
C,34,25,32,18
C,34,25,35,0
B,32,24,34,19
E,32,23,33,6
B,30,23,33,353
D,34,31,34,38
C,33,26,34,2
B,34,25,37,7
C,34,25,34,42
A,32,24,32,1
C,34,23,34,157
D,36,25,34,1
DD,38,26,36,1
B,34,24,34,1
C,32,25,32,106
B,36,26,34,24
FF,32,25,34,12
C,34,23,36,0
C,34,25,34,1
C,34,25,35,0
C,34,24,35,1
D,34,225,345,9
C,32,24,32,1
D,38,25,38,2
B,34,24,35,2
GG,36,26,34,47
B,36,24,35,16
B,34,24,36,0
C,23,23,34,17
B,34,25,33,4
B,32,24,35,41
D,32,26,36,5
A,32,28,34,1
C,44,34,38,0
D,39,24,36,0
DD,38,26,36,1
C,36,24,34,19
B,36,27,35,41
B,34,24,35,5
B,34,25,35,1
B,33,22,34,7
D,34,26,34,2
C,34,22,34,1
D,36,26,36,2
C,34,26,34,2
C,35,24,34,33
B,34,26,32,0
B,34,24,34,8
A,33,23,35,1
B,34,25,35,3
B,34,24,34,40
B,34,23,35,59
C,34,24,35,0
DD,39,26,37,1
B,34,26,34,0
C,36,24,35,1
DD,38,24,34,4
D,36,24,35,24
D,32,24,32,2
A,30,23,34,25
D,36,24,34,0
B,34,24,35,2
B,34,24,34,1
B,33,23,34,50
B,34,23,32,24
B,33,24,35,1
C,38,39,26,2
C,36,25,34,20
C,35,26,36,1
C,32,25,34,0
B,34,24,34,2
D,34,25,35,4
B,34,24,34,315
C,34,24,34,2
D,36,24,34,23
C,34,25,37,1
C,34,24,36,1
DD,36,27,36,2
DDD,32,24,34,1
C,32,27,36,26
D,36,22,36,0
A,32,25,30,2
B,35,25,34,1
C,34,24,34,7
DD,36,24,36,4
D,36,29,36,0
C,36,23,35,0
C,30,23,32,13
DD,40,21,35,105
B,33,24,34,1
DD,34,25,34,0
C,34,24,35,1
B,34,25,35,1
C,34,26,34,15
B,34,24,34,1
D,34,24,34,13
C,36,24,36,11
C,36,26,37,0
C,34,28,37,0
B,34,26,34,17
B,34,25,30,16
DD,34,22,32,2
B,36,26,35,2
D,37,25,37,2
B,32,24,34,2
B,34,24,34,1
DD,34,22,32,1
C,34,25,35,2
G,32,25,33,1
B,34,22,32,2
C,34,24,34,0
D,34,25,34,3
DD,36,24,36,0
C,36,24,36,1
B,34,24,35,2
C,34,23,36,42
C,34,26,34,21
A,34,28,34,1
B,33,24,33,2
B,34,25,33,2
B,34,24,34,1
C,32,24,30,49
DD,34,22,36,0
C,37,38,42,5
HH,30,22,30,1
C,36,23,34,1
D,32,27,37,1
C,34,35,35,71
C,34,26,36,4
C,36,24,35,78
A,34,24,34,1
C,34,26,34,0
C,34,25,35,2
C,34,25,34,0
B,34,23,34,15
J,48,24,36,1
B,32,26,34,14
B,34,24,33,6
DD,39,18,33,3
B,34,25,36,3
C,36,28,37,0
B,32,22,34,505
DD,36,24,36,2
C,34,23,34,11
A,33,23,34,0
C,34,24,34,1
C,34,24,33,1
J,34,28,34,2
B,32,24,35,1
D,36,27,34,111
B,32,23,33,1
A,32,25,34,13
C,32,24,32,1
A,34,24,35,28
E,37,24,37,57
B,34,23,34,49
D,34,21,34,43
HH,42,26,3640,4
B,34,26,36,0
C,33,25,31,162
FF,37,23,34,2
D,36,31,36,4
C,37,27,36,23
B,33,25,32,5
D,36,26,35,3
B,30,27,35,0
A,34,25,32,2
C,34,24,35,9
C,34,24,34,0
B,36,27,40,0
GGG,50,22,28,0
B,35,26,35,25
C,36,24,37,1
D,34,25,35,1
D,34,23,39,4
C,32,23,35,7
B,32,25,36,0
B,33,22,34,7
B,36,24,36,0
D,35,25,35,4
C,32,25,35,2
B,30,23,32,0
B,34,24,35,63
B,36,25,35,15
B,31,24,34,0
D,34,24,34,1
D,34,25,36,0
A,33,24,33,2
C,34,24,34,1
D,36,24,36,1
DD,34,27,34,1
D,34,25,34,1
A,34,23,33,1
B,34,24,34,52
C,37,26,37,1
DD,36,24,36,54
G,36,27,36,5
C,34,23,34,1
B,34,24,34,82
B,32,24,33,5
A,31,25,36,0
J,48,35,37,12
C,35,24,35,7
A,34,26,33,44
B,34,24,35,29
C,36,25,37,0
DD,36,26,35,4
C,32,26,34,2
DD,34,26,36,1
B,34,25,35,0
D,34,24,34,114
C,34,24,34,27
D,36,21,35,7
DD,35,31,41,0
A,34,22,34,6
DD,34,26,36,6
B,32,25,36,1
B,32,23,33,5
A,28,24,30,42
B,38,24,38,0
C,34,24,34,2
DD,36,25,36,1
C,36,28,36,3
B,35,24,35,4
B,34,26,33,1
B,32,24,33,34
B,34,25,35,0
D,36,25,35,63
DD,31,22,39,1
D,36,24,36,8
A,32,24,34,1
C,34,24,35,1
C,34,23,33,1
C,37,23,37,60
C,34,23,34,1
D,32,24,34,0
B,32,25,33,9
B,34,24,34,12
D,32,24,32,1
C,35,25,36,76
A,35,25,35,0
DD,36,23,35,2
B,34,25,35,33
DD,36,26,37,0
C,32,24,30,1
D,35,25,35,115
D,38,22,36,0
A,32,24,34,1
D,40,21,36,107
B,34,24,42,1
C,34,24,36,1
B,34,24,35,13
C,32,22,32,52
C,34,24,34,3
B,34,25,34,3
B,32,26,30,7
B,34,24,33,118
C,34,30,32,0
C,34,23,35,0
B,34,24,33,85
DD,34,24,34,2
A,33,24,34,5
B,38,23,36,12
B,33,24,33,55
C,32,23,35,1
C,35,24,35,247
D,38,25,36,31
A,30,23,32,0
C,35,25,36,10
DD,35,23,35,0
C,34,24,34,6
C,34,25,35,2
C,36,24,34,6
DD,40,22,34,0
AA,36,23,33,1
B,33,24,35,489
A,34,23,33,1
C,34,25,34,9
DD,39,32,42,0
C,36,24,34,0
DD,34,25,35,7
DD,38,26,35,1
D,36,24,37,160
C,32,24,34,34
B,34,26,35,1
C,34,22,32,4
B,34,25,33,29
B,32,24,32,10
B,36,25,37,13
C,32,24,32,25
C,38,27,38,77
C,34,24,35,0
G,32,28,36,1
C,34,24,36,12
C,36,24,35,133
C,34,25,34,0
B,34,25,35,0
B,33,24,33,117
F,38,22,35,1
B,34,24,34,1
C,36,26,38,1
B,34,23,35,1
C,34,23,34,0
D,36,27,36,0
C,34,27,33,3
A,34,27,33,1
DD,34,25,36,10
D,36,22,34,0
AA,34,34,34,1
DD,36,24,36,1
AA,36,23,34,1
B,36,24,34,25
B,34,24,35,2
B,34,25,30,32
B,31,24,36,20
D,38,20,35,0
C,34,25,34,1
D,36,24,36,2
C,32,25,34,1
B,34,25,35,17
D,32,24,33,1
C,36,27,36,17
C,34,26,36,61
D,32,24,32,1
C,30,23,32,4
G,28,25,37,3
C,35,26,36,3
D,36,24,34,4
A,32,24,33,3
B,32,24,34,2
B,31,23,33,1
C,35,23,35,26
C,36,26,35,4
C,36,23,32,1
F,34,24,34,4
B,32,24,34,7
C,35,24,35,293
DD,36,26,39,26
B,29,23,34,4
C,34,23,34,0
C,34,24,34,1
D,32,26,34,3
B,32,24,33,152
A,32,23,37,1
C,34,25,36,1
B,34,25,35,19
C,33,27,35,2
A,34,24,36,1
C,34,26,36,6
D,35,25,34,1
C,37,27,35,8
A,32,23,33,1
B,34,24,36,4
C,34,24,34,1
C,34,24,35,3
C,33,25,33,8
B,32,24,33,0
B,36,25,35,3
B,34,28,37,0
B,34,24,34,1
B,34,24,35,52
D,34,26,36,0
D,34,27,37,1
DD,40,16,39,1
C,34,24,34,1
D,34,25,37,16
C,36,26,32,1
C,34,25,36,1
B,32,23,32,3
C,32,23,33,59
B,34,23,33,11
B,36,27,44,0
C,34,24,35,64
D,34,28,39,0
D,37,24,36,0
DD,36,24,34,0
DD,37,21,34,2
C,32,24,34,0
D,38,22,36,0
B,34,24,32,5
D,34,26,33,5
B,33,26,36,1
C,34,26,33,19
C,34,24,34,0
C,32,25,35,1
B,34,24,34,3
HH,37,24,36,10
A,34,24,37,0
C,36,26,36,1
B,34,22,32,0
A,30,23,33,0
B,33,25,33,4
DD,35,24,35,1
B,34,23,34,39
C,35,24,35,9
B,32,27,33,7
DD,34,24,34,2
B,32,24,35,8
C,36,23,32,1
D,36,24,36,4
C,37,23,36,45
D,32,22,34,3
B,32,24,33,2
B,34,23,31,0
B,34,24,35,21
C,34,26,34,0
C,34,34,34,3
C,34,24,36,0
B,34,22,35,2
B,34,24,35,4
C,34,26,35,1
C,34,23,34,1
A,34,28,36,1
B,34,24,34,0
B,34,25,35,244
A,34,24,34,181
DD,42,39,56,0
D,34,26,38,3
C,38,24,36,7
C,34,24,34,1
C,34,25,34,8
D,37,24,35,0
B,34,23,33,2
B,34,24,33,5
C,36,25,35,1
C,32,25,34,21
C,36,24,35,78
C,36,22,25,8
A,30,23,33,0
C,34,27,39,0
D,34,25,34,0
GG,44,24,36,2
C,32,22,32,0
G,30,24,36,0
C,34,23,34,44
B,34,24,34,0
D,34,24,34,0
C,34,25,38,7
C,36,24,36,1
C,34,24,34,50
B,34,25,35,1
A,34,24,37,0
C,32,23,33,2
D,34,24,34,1
FF,28,24,34,2
A,32,24,33,0
C,34,23,34,1
H,34,25,34,9
B,36,23,33,3
B,34,27,32,102
C,32,24,34,65
B,30,25,33,85
B,32,25,34,0
C,36,26,35,2
C,34,24,33,2
D,34,25,34,4
C,35,26,36,1
B,34,21,32,1
C,36,30,36,0
B,,25,,2
C,34,25,36,116
B,32,24,34,2
A,32,23,33,10
D,34,24,36,4
D,34,25,35,2
A,34,26,33,1
C,33,25,37,6
B,36,28,36,5
C,35,23,34,1
C,34,25,33,29
C,32,25,32,0
L,51,24,36,4
C,32,23,33,1
B,34,23,34,6
B,36,26,35,89
C,34,26,36,12
B,30,23,33,85
B,35,24,36,2
D,35,25,35,0
C,39,24,38,3
D,40,24,40,9
C,34,24,35,1
FFF,34,24,34,1
D,36,28,36,1
C,34,23,34,1
J,52,24,36,6
EE,36,24,34,13
C,35,26,38,3
DD,32,25,32,0
A,32,26,32,1
DD,34,24,34,14
C,36,24,34,1
D,36,26,36,0
FF,73,32,36,2
DD,34,25,38,3
C,35,23,35,4
D,36,24,35,25
E,32,26,32,0
B,34,25,35,1
B,36,25,37,0
C,32,24,32,0
B,34,25,35,14
C,32,25,36,0
C,36,24,34,2
B,34,26,34,3
B,34,24,35,7
E,32,25,34,11
B,34,24,36,23
C,34,23,33,22
D,35,25,36,0
C,35,24,34,0
C,32,23,34,5
C,34,23,34,1
C,34,22,37,0
C,36,26,35,1
C,32,24,34,1
C,36,22,36,0
C,36,24,36,17
C,34,24,33,1
B,34,26,34,55
B,34,24,34,69
D,36,25,38,16
B,32,23,35,2
C,36,28,37,14
B,36,23,36,0
EE,34,23,35,3
A,32,21,34,1
A,34,24,34,11
D,38,26,37,2
C,37,27,38,73
D,34,21,36,2
B,36,29,36,0
F,34,24,35,0
C,34,24,36,0
C,34,26,36,1
B,36,24,34,0
L,48,24,34,3
DD,28,24,30,2
B,33,23,34,2
C,36,24,35,1
C,34,24,34,0
D,38,24,34,3
B,34,24,36,5
B,32,24,34,0
C,34,35,37,1
B,36,26,36,20
C,36,24,36,13
B,32,24,34,0
C,35,26,35,9
C,34,28,36,1
DD,34,23,32,2
D,34,24,34,7
F,34,24,36,1
C,34,26,34,1
C,32,23,33,5
B,33,28,35,3
D,36,26,36,3
C,36,24,34,5
B,34,23,35,66
B,34,24,34,14
C,32,24,38,2
B,,32,27,24
B,34,25,35,1
A,32,24,34,1
B,34,24,34,8
C,34,25,35,3
B,34,24,33,4
C,34,24,34,73
C,32,24,32,5
C,34,26,33,1
DD,36,22,34,27
C,34,25,37,0
C,34,24,34,4
B,32,26,23,11
D,35,24,35,0
C,34,27,39,12
DDD,36,23,34,1
C,34,28,37,144
B,34,24,34,4
D,36,25,38,1
B,32,24,34,23
C,34,25,36,16
B,34,24,33,40
D,34,24,34,59
B,34,25,36,1
C,34,23,33,1
D,34,26,40,2
B,32,24,35,0
D,34,25,37,0
FF,42,26,34,10
DD,36,28,44,0
DD,36,25,36,0
A,34,24,35,1
DD,34,25,35,23
D,36,25,36,8
C,32,24,33,1
A,32,24,32,1
C,35,25,36,0
C,34,26,35,57
C,34,26,37,1
C,36,28,35,46
C,32,25,35,4
C,34,24,35,19
AA,33,23,33,8
D,36,25,36,234
DD,40,24,39,0
C,34,24,35,2
H,36,28,40,72
L,76,26,36,10
D,33,22,33,2
C,34,24,35,1
B,34,20,32,36
A,34,26,36,9
C,26,24,33,18
B,32,24,32,10
B,30,24,32,70
B,30,25,32,49
B,32,24,36,1
B,35,23,35,0
C,34,23,34,0
C,35,20,35,69
D,38,23,37,4
A,34,24,33,1
D,34,25,36,8
C,32,24,32,0
D,36,24,35,27
D,34,25,36,2
C,32,24,34,0
B,34,24,34,1
DD,36,25,34,1
G,34,25,35,6
DD,34,26,31,1
H,36,28,35,17
D,34,23,34,1
A,34,27,34,4
A,34,25,34,66
B,32,24,35,2
B,36,20,35,239
A,34,24,34,0
D,36,23,38,10
C,35,23,35,0
C,34,28,34,18
B,32,23,35,0
B,34,24,35,4
C,34,23,35,0
D,34,25,34,1
B,34,23,35,2
B,34,27,36,1
D,38,23,33,10
B,32,24,34,13
B,32,23,33,75
C,32,23,33,0
B,34,24,34,1
C,36,24,34,1
C,36,25,37,1
A,34,25,36,1069
C,34,25,35,2
C,33,24,34,1
B,34,23,33,95
B,33,24,35,1
B,34,26,34,43
A,34,25,34,6
B,30,23,32,42
C,36,23,33,1
B,34,23,33,135
D,36,24,36,5
D,34,24,32,6
C,36,25,36,0
B,36,26,33,14
B,34,25,37,0
DD,34,25,34,7
C,32,22,32,0
B,34,24,34,178
C,33,25,36,0
C,36,25,35,5
D,30,34,34,16
D,34,26,37,4
A,32,22,33,13
C,33,24,36,2
C,34,25,35,1
B,32,24,33,10
C,36,22,37,12
A,35,24,35,49
D,36,22,33,1
B,34,24,34,3
C,34,26,35,63
D,34,22,32,6
B,34,24,35,1
C,34,28,36,14
D,34,24,35,11
B,33,24,34,0
B,36,23,34,7
A,32,24,35,0
B,34,26,34,1
DD,36,24,40,0
B,34,25,34,2
B,34,22,31,1
B,34,26,35,2
C,32,24,32,1
D,38,23,35,5
E,34,22,35,16
DDD,40,24,34,13
C,36,26,36,2
C,34,24,34,19
D,36,24,35,724
B,33,24,35,11
D,36,28,34,3
B,34,24,35,4
C,34,26,34,2
D,38,24,35,0
B,33,24,34,13
D,38,26,37,1
A,32,24,34,3
B,34,24,36,0
D,34,24,38,0
B,34,26,35,15
DD,37,26,34,2
DD,34,27,36,1
B,34,24,34,31
D,36,24,35,8
C,36,24,34,8
D,36,25,36,0
C,32,25,36,3
B,34,24,34,120
C,34,24,34,30
C,32,27,38,0
B,32,24,32,0
B,34,28,34,3
D,38,25,39,41
D,38,28,39,1
B,34,25,34,37
B,36,26,34,9
B,32,30,35,211
C,34,24,34,2
B,36,33,27,0
A,33,25,35,3
C,34,24,35,0
C,36,24,36,0
C,34,24,34,35
C,35,24,34,27
C,34,23,35,33
A,34,24,36,0
B,36,24,34,29
B,34,24,34,82
B,36,26,36,53
B,30,23,34,4
D,34,25,36,0
B,36,24,36,491
B,34,26,36,2
C,32,26,34,5
DD,36,28,36,1
A,32,24,32,2
D,32,22,30,119
C,36,28,32,0
DD,40,22,37,0
B,34,26,34,55
C,37,26,45,0
B,36,29,34,10
C,32,28,30,1
A,31,23,34,0
B,33,24,34,5
B,34,23,36,24
B,34,25,32,515
C,36,26,36,2
C,32,26,38,0
C,36,24,34,108
A,30,23,33,2
B,34,24,35,0
A,34,24,34,578
B,34,25,34,14
B,34,25,35,2
DD,38,24,36,3
E,36,26,36,36
C,36,32,42,5
B,36,26,35,14
B,36,25,36,5
A,34,27,36,1
D,37,22,36,0
DD,36,25,36,2
C,32,23,33,1
B,32,25,34,8
DD,42,28,36,7
B,36,23,37,391
B,32,24,32,27
C,34,25,32,16
DD,36,26,42,1
H,38,22,33,6
B,34,24,34,1
DD,40,34,46,0
B,34,25,34,1
A,32,23,33,1
D,34,24,33,7
B,34,24,34,1
B,34,25,36,21
B,36,25,35,188
C,34,25,36,0
B,36,24,35,238
C,36,24,36,6
A,32,23,34,10
B,34,25,35,9
DD,42,29,40,0
E,32,24,34,1
DD,34,24,34,3
EE,36,26,38,3
DD,36,23,34,1
A,32,23,33,1
D,36,26,37,7
C,34,25,36,1
A,34,25,35,1
B,34,28,35,204
A,34,26,37,9
D,36,26,39,3
F,38,22,35,1
C,36,26,32,2
B,34,25,35,80
C,37,28,38,1
C,32,24,32,1
B,34,26,35,95
B,35,25,37,1
H,38,23,35,3
B,34,24,35,9
D,36,28,34,5
C,34,27,39,2
B,36,23,33,208
F,28,25,38,0
DD,36,24,35,7
D,36,30,33,1
C,37,27,36,0
B,32,23,33,54
C,37,26,37,8
DD,34,26,40,948
A,35,25,35,182
G,30,24,36,19
D,36,25,35,2
C,32,22,32,0
B,36,23,34,4
C,38,30,38,10
C,36,26,36,1
C,34,24,35,0
B,34,24,34,38
B,34,23,35,1
DD,38,24,36,3
C,36,22,34,1
B,36,24,35,2
B,34,24,35,10
B,32,25,35,60
D,36,25,36,5
C,34,24,35,1
D,34,24,35,4
B,36,25,35,2
B,32,25,35,1
D,36,25,34,1
C,34,23,34,5
DD,43,22,37,5
D,34,23,36,2
A,32,24,34,5
B,34,24,34,1
D,36,24,34,0
B,34,24,35,9
D,36,26,36,1
HH,50,26,36,1
B,34,26,30,2
C,34,24,35,5
D,38,24,37,10
C,34,25,36,17
B,32,23,32,1
D,32,28,34,1
C,34,27,35,6
B,34,24,32,93
C,34,25,35,22
A,30,23,33,1
C,37,27,37,0
DD,34,24,34,10
A,33,23,33,4
A,34,25,35,1
B,36,28,34,79
C,36,27,40,1
C,38,25,34,0
B,34,24,35,586
C,36,22,32,36
D,38,22,37,5
A,36,24,34,1
C,36,23,35,1
D,34,24,36,8
A,34,25,35,1
A,32,24,33,1
B,30,23,31,61
C,34,26,35,0
B,34,24,34,1
B,32,24,34,16
DD,32,26,32,0
B,31,24,35,1
C,32,26,34,1
B,30,23,33,12
A,33,24,35,39
B,32,25,37,2
B,34,24,35,2
D,36,22,36,1
B,32,23,33,2
DD,38,28,36,0
B,34,24,34,13
B,34,25,35,2
C,34,25,35,9
C,34,24,34,9
C,35,25,34,135
C,35,27,35,32
B,34,25,34,26
D,38,28,36,1
A,34,25,36,0
DD,38,32,38,0
DD,37,26,34,102
C,37,23,36,0
C,34,26,36,2
C,36,26,37,24
D,34,24,37,1
D,34,28,33,0
B,31,23,33,53
B,34,24,34,0
G,40,25,36,6
B,30,23,33,4
G,42,25,36,9
D,36,26,37,2
A,32,23,36,0
B,34,27,32,0
B,34,24,36,1
B,34,25,36,79
B,34,23,34,108
D,36,25,36,1
C,36,24,36,3
DDD,32,24,34,3
D,37,25,37,1
C,34,24,35,25
D,34,25,36,2
C,34,26,34,1
DD,42,30,36,1
D,32,25,36,1
A,32,25,37,0
B,32,25,37,8
B,32,23,34,10
B,34,25,32,35
C,32,24,35,0
D,34,25,36,2
D,36,23,36,0
C,34,23,34,4
C,34,25,40,2
D,34,29,37,0
C,36,24,35,32
A,32,26,37,1
D,34,24,36,3
D,38,22,36,57
C,35,25,34,54
D,34,23,34,15
C,32,23,33,10
B,34,26,36,315
B,34,25,35,36
C,36,24,36,0
C,32,24,34,4
A,32,24,32,1
C,36,25,35,1
B,34,26,36,15
C,34,24,34,41
DD,38,20,34,61
D,36,25,35,1
F,32,26,34,1
C,34,25,36,1
C,36,22,37,17
B,34,24,36,5
B,34,25,36,243
DD,36,26,38,22
B,34,23,34,0
D,34,24,35,1
B,34,24,34,8
C,35,25,37,2
C,35,27,36,16
C,35,24,35,84
D,38,24,38,60
C,36,26,35,0
D,34,26,38,0
C,34,26,36,3
C,36,28,36,6
A,32,21,30,0
C,35,23,36,24
DD,36,26,36,0
B,34,24,34,654
A,32,22,32,2
E,36,29,36,0
B,34,24,36,0
B,34,24,36,7
B,32,23,33,34
A,36,26,38,0
B,34,23,35,3
D,36,25,32,6
D,38,30,36,17
D,32,24,34,0
B,34,23,35,88
C,36,25,36,0
D,36,24,35,0
B,35,23,35,10
C,34,25,35,0
B,32,24,32,1
C,36,26,37,0
C,36,25,36,8
C,34,25,35,23
B,34,23,34,26
B,34,24,37,345
D,36,26,38,1
C,32,24,33,27
D,39,23,39,1
C,34,26,34,0
B,34,30,36,0
C,36,30,35,1
D,34,26,34,2
D,36,28,37,548
C,36,24,36,1
DD,36,24,36,6
B,32,24,32,2
B,34,24,35,30
A,34,24,34,2
A,32,22,32,1
B,30,23,33,7
C,34,23,33,245
C,34,24,35,0
DD,34,24,35,0
B,34,25,36,6
C,34,24,35,1
B,34,28,34,0
C,34,24,36,9
D,38,33,40,0
B,32,24,33,227
B,34,24,34,0
AA,32,22,34,0
B,34,26,36,550
C,36,25,35,27
B,37,23,37,27
D,36,26,36,1
B,32,24,34,2
B,34,22,40,52
B,34,24,34,65
B,34,24,35,1
C,32,25,35,47
B,34,24,33,22
C,35,23,35,6
C,34,26,35,44
D,36,25,34,0
B,34,28,35,0
B,30,23,32,12
A,30,26,33,1
B,31,24,36,2
C,34,28,34,4
C,36,23,32,1
C,34,24,38,1
C,34,23,33,1
D,36,27,37,0
A,32,21,31,0
B,32,25,36,0
B,35,25,35,7
C,34,26,35,1
C,36,23,34,0
B,33,24,34,2154
B,34,22,34,38
C,34,24,36,0
C,36,24,34,4
B,34,22,34,2
A,34,21,31,1
C,39,24,35,7
C,36,24,36,5
C,36,25,39,0
A,33,24,33,1
D,34,25,35,0
A,32,30,34,26
C,34,23,34,11
B,34,30,35,7
C,32,26,36,0
D,34,25,35,2
C,34,24,34,0
D,34,22,33,1
A,34,24,34,1
C,37,28,38,12
C,34,24,35,7
C,36,31,40,0
B,32,23,33,1
C,34,23,35,5
C,36,24,34,1
AA,29,24,22,53
A,34,24,34,20
DD,34,24,34,3
G,39,29,38,21
B,35,26,35,6
D,36,23,34,6
C,34,24,34,1
C,34,24,34,8
C,32,26,32,1
C,38,30,41,0
DD,32,24,34,1
D,34,25,34,11
D,36,23,34,4
DD,34,24,36,2
C,34,24,34,0
B,34,25,34,1
A,33,25,34,1
C,34,34,33,1
A,32,26,38,1
C,34,27,36,1
B,32,24,32,1
C,34,26,36,1
C,35,24,35,12
D,34,23,39,0
B,34,24,36,35
B,35,28,35,0
E,34,25,36,1
C,35,23,34,1
B,34,23,34,3
A,33,22,32,1
A,34,22,34,1
C,34,24,34,1
B,32,24,34,1
D,34,25,35,22
C,35,24,35,1
D,34,24,35,1
A,32,24,33,0
DD,34,25,38,1
C,34,24,34,11
C,36,25,35,3
C,36,24,34,68
A,34,22,34,7
C,36,24,36,1
C,35,24,34,1
D,34,27,37,1
B,34,25,35,0
D,40,23,36,11
C,34,23,33,1
D,37,23,35,0
D,33,26,38,75
D,34,26,34,0
B,34,26,35,2
B,32,24,34,1
B,34,25,34,2
B,34,24,34,2
C,36,24,34,146
B,32,24,34,26
C,36,25,37,3
C,34,24,33,1
F,34,25,35,0
B,32,23,33,98
DD,36,26,33,1
C,32,27,36,4
C,36,27,38,12
D,36,24,38,97
C,34,23,33,73
DD,43,33,43,1
B,32,27,34,23
A,32,22,34,25
DDD,34,27,37,2
C,32,23,34,236
B,34,24,34,0
B,34,24,33,67
B,32,23,34,0
B,32,22,32,0
A,34,24,35,3
D,40,32,44,0
D,32,24,34,4
C,34,20,27,1
B,36,25,35,11
B,32,24,34,0
C,36,24,36,4
B,34,24,35,27
F,40,28,36,2
B,34,25,34,33
C,34,24,34,17
A,29,22,31,3
C,36,23,34,1
C,35,24,34,1
DD,38,26,37,29
D,36,24,35,16
C,34,27,36,0
B,34,24,35,5
B,32,27,36,10
DD,32,24,34,1
H,36,26,37,0
D,35,21,33,2
DD,36,25,35,3
C,36,29,,0
C,34,24,35,0
B,34,25,35,94
B,36,25,35,1
D,36,24,35,70
B,30,24,35,0
B,34,25,34,20
C,32,24,36,0
C,34,21,34,0
DD,36,26,36,57
D,36,24,36,0
B,33,23,34,4
D,34,23,38,0
C,34,25,34,27
D,36,26,37,8
C,34,26,35,0
A,34,28,36,0
B,36,26,36,3
B,34,25,36,237
A,36,24,,1
D,36,27,38,1
B,32,24,34,23
DD,36,25,36,0
D,34,22,34,0
C,34,22,34,3
DD,32,24,34,1
A,34,24,33,1
A,33,23,34,24
B,34,24,36,5
C,34,25,34,4
DD,32,23,34,3
G,36,24,34,5
B,32,22,33,4
C,36,24,34,1
G,40,24,35,1
B,34,24,35,2
DD,36,25,35,2
B,34,24,34,2
C,32,24,35,12
B,32,23,33,2
E,30,24,32,0
B,36,24,34,1
C,34,23,34,2
B,34,23,32,1
A,32,24,35,1
B,30,23,33,3
C,34,24,32,33
B,34,25,34,9
C,32,26,33,1
DD,35,25,38,0
D,34,25,36,3
C,27,20,32,5
B,34,26,34,31
C,34,25,35,1
DD,40,30,38,0
C,34,24,34,51
B,38,27,38,0
A,32,26,35,2
A,32,24,35,0
AA,32,23,33,1
B,32,23,31,52
B,34,27,35,0
B,35,22,36,9
A,32,23,34,0
C,36,23,34,1
B,34,27,34,0
D,38,22,36,0
D,36,24,36,12
A,36,23,34,0
DD,36,25,35,2
B,34,23,35,65
D,36,24,34,3
B,34,24,34,1
B,36,25,44,0
B,32,26,35,2
C,34,25,36,0
B,34,25,35,4
B,34,24,34,3
C,34,24,36,0
C,24,29,32,0
B,34,23,33,1
D,34,25,33,0
B,32,27,35,31
D,38,27,38,2
D,34,24,36,0
C,34,24,31,1
DD,39,27,38,17
B,34,25,34,13
C,35,24,35,0
C,36,28,34,2
C,36,29,37,0
B,33,24,35,0
B,32,25,30,12
B,32,24,34,15
D,34,24,35,4
B,34,26,34,4
C,34,24,34,7
C,37,24,36,0
D,32,24,32,0
A,34,22,32,0
C,35,25,35,0
C,34,24,35,8
C,33,24,33,4
C,36,24,36,15
B,34,25,36,93
DD,50,47,55,0
B,34,27,36,110
J,47,29,38,5
C,36,24,36,2
B,34,24,34,32
A,36,25,32,1
B,34,25,35,14
B,34,28,34,2
B,30,23,33,41
A,31,22,32,12
D,36,26,36,0
A,32,24,34,2
B,36,23,36,4
C,36,28,34,2
A,34,24,34,44
D,36,24,34,0
B,35,25,34,15
C,35,22,35,0
DD,36,25,35,0
C,34,24,35,0
D,34,23,34,0
DD,37,26,37,0
B,33,23,35,94
C,34,25,35,28
B,36,24,36,0
A,36,27,47,2
B,34,24,42,0
C,33,24,32,0
A,32,24,30,46
B,36,24,36,1
A,34,24,36,0
B,34,25,37,1
B,36,24,34,1
B,34,24,35,51
D,36,24,35,6
B,34,24,34,0
A,32,24,36,6
B,34,23,33,1
C,34,24,34,2
B,34,24,34,1
B,34,25,36,102
A,32,25,36,12
B,34,24,36,19
C,34,26,34,0
D,36,28,39,172
C,32,23,32,1
L,56,24,38,4
FF,44,30,42,1
G,32,24,34,1
D,36,24,36,272
B,36,26,37,35
A,32,24,33,1
C,36,24,35,1
C,35,27,36,1
DD,34,26,40,1
DD,38,28,38,0
C,36,28,37,1
F,32,24,36,24
B,32,24,32,172
D,36,27,38,3
A,34,24,34,34
C,33,24,35,54
C,37,26,37,53
C,35,21,35,1
A,33,23,33,3
D,35,25,35,1
D,34,24,36,3
D,36,23,33,1
D,36,26,35,18
C,34,24,34,61
B,34,26,36,0
C,36,26,38,2
C,34,26,36,1
C,34,24,34,12
B,34,27,36,31
B,34,24,38,0
D,42,40,50,35
B,36,24,36,28
A,35,24,36,1
B,34,24,34,5
C,34,24,34,154
B,33,24,36,1
B,34,26,33,0
B,36,26,38,4
C,34,24,35,3
DD,34,26,34,0
C,34,29,34,1
A,34,24,34,137
B,32,28,34,233
B,36,24,35,0
A,34,25,35,720
DD,34,26,35,1
B,34,24,34,39
B,34,24,34,1
B,32,23,33,20
A,34,23,35,30
C,34,24,34,37
C,34,24,36,55
B,35,24,34,46
B,34,26,35,26
A,30,24,34,1
B,34,27,36,226
B,34,24,34,21
B,34,24,34,1
D,36,27,37,5
B,32,24,34,3
E,34,24,35,5
F,34,24,35,19
B,34,28,35,0
A,32,23,33,27
B,34,26,33,1
C,34,22,34,6
C,34,24,37,0
B,32,23,32,4
B,32,25,30,6
C,36,26,36,9
C,34,26,34,0
B,34,25,36,0
C,33,25,34,4
C,34,25,32,1
D,34,24,35,4
AA,28,22,29,1
B,30,23,32,1
B,34,24,35,284
C,34,27,38,0
C,36,24,34,1
B,32,24,35,5
C,32,28,34,2
C,32,25,38,1
C,35,25,35,5
AA,36,23,33,1
B,32,24,34,2
C,34,23,34,20
B,33,24,33,9
B,34,22,32,76
F,38,26,36,3
B,32,25,34,1
A,32,23,32,2
C,36,24,35,0
A,34,26,36,1
A,34,24,34,27
DD,32,24,38,5
C,34,24,33,54
C,34,24,33,1
C,36,26,35,0
C,36,24,35,3
D,34,25,32,1
A,34,24,34,60
D,38,27,36,1
B,34,24,33,2
C,34,27,35,27
B,33,24,34,0
B,34,25,34,1
AA,33,24,33,7
DD,38,25,37,3
B,36,23,36,295
A,33,23,32,1
D,36,24,35,1
B,35,24,36,3
A,34,24,34,0
D,32,24,32,0
B,34,24,36,0
B,34,22,30,2
B,34,23,35,292
B,32,24,,0
C,34,27,35,4
B,34,25,37,2
B,36,24,35,4
B,34,25,35,5
B,32,24,32,3
C,35,25,26,0
D,34,25,33,0
B,34,34,34,1
D,34,25,35,19
A,34,24,34,0
B,32,24,34,18
B,34,25,35,30
D,,24,33,78
C,35,24,34,18
D,34,26,33,3
A,34,26,36,0
A,34,26,36,0
C,34,25,35,0
C,39,27,37,49
C,37,25,37,63
C,34,22,33,1
B,34,25,34,75
D,34,28,34,0
B,34,25,36,0
C,34,28,35,43
DD,34,24,38,49
C,36,23,35,1
A,34,23,35,76
C,34,25,33,32
B,32,24,34,2
C,33,23,35,16
B,32,23,34,103
D,36,25,35,1
B,36,26,36,1
HH,38,28,38,0
B,35,23,35,1
C,36,23,35,3
C,37,25,35,16
DD,36,22,36,2
C,32,24,32,1
C,36,26,35,2
B,35,26,35,0
B,33,24,34,13
C,30,23,33,3
B,35,25,35,1
D,36,25,35,8
D,32,24,33,3
C,34,26,36,0
C,34,23,32,56
B,34,26,34,52
D,35,22,34,7
C,34,26,36,10
B,34,24,34,1
B,34,27,32,14
B,34,22,35,8
B,34,26,34,8
C,34,25,34,0
B,30,23,33,99
B,34,24,33,378
B,34,26,32,12
C,36,23,35,5
C,32,24,35,0
D,38,27,36,120
C,34,25,36,0
DD,34,24,35,2
C,36,24,32,36
C,36,26,37,2
D,34,25,35,22
F,34,25,36,3
C,35,20,34,0
B,36,24,34,1
B,30,24,33,37
D,36,25,36,1
C,38,27,36,1
D,32,24,42,0
D,32,23,34,22
A,35,25,36,3
A,34,24,32,16
D,34,25,34,1
A,32,23,34,5
D,38,26,36,1
B,34,25,34,29
C,34,24,35,3
C,32,25,33,0
D,48,44,47,0
B,34,24,34,1
C,32,22,33,74
FF,32,24,32,4
B,34,24,35,2
C,34,23,33,31
D,34,25,35,0
C,32,24,34,0
B,34,24,36,0
A,32,27,33,0
C,36,25,35,70
C,36,23,36,46
DD,40,25,36,1
C,34,26,36,1
FF,38,26,36,6
B,30,25,30,0
B,34,23,33,29
DD,34,24,34,0
B,33,22,33,23
D,35,23,34,0
D,34,22,34,1
C,36,23,36,0
C,34,26,35,16
DD,34,26,32,1
C,35,25,35,23
B,35,26,36,0
B,34,25,35,2
K,42,25,34,1
A,34,25,35,4
DD,38,24,35,0
DD,36,26,36,1
D,34,24,34,1
D,34,22,34,12
E,36,26,36,0
B,32,23,32,1
DD,38,25,36,2
B,36,26,36,8
C,34,24,32,1
D,36,22,34,1
C,34,23,34,23
C,34,26,35,16
C,34,26,37,6
B,34,25,34,42
D,36,25,38,1
C,34,24,34,2
B,34,23,35,2
C,34,24,36,193
B,34,24,34,1
C,35,23,33,1
D,38,32,46,0
B,34,24,37,7
B,36,25,35,4
C,34,25,34,1
B,34,23,34,2
C,36,25,35,1
B,36,25,37,0
B,31,22,34,1
D,35,25,35,24
DD,38,23,35,3
G,30,25,32,1
C,34,22,32,2
C,32,25,36,1
C,37,24,36,0
B,34,24,34,247
B,34,26,33,4
C,32,24,36,4
D,34,22,32,0
B,32,24,34,187
C,32,24,35,1
C,35,25,34,1
C,34,26,39,5
B,32,24,34,389
C,34,22,34,1
D,36,24,35,6
C,35,25,35,131
B,32,23,35,0
D,34,25,36,5
C,34,21,34,0
C,36,25,36,72
C,32,22,34,31
B,32,23,33,8
G,32,24,34,3
B,34,24,34,1
B,32,25,34,61
B,34,24,32,1
C,34,23,34,2
C,34,27,36,2
A,30,23,30,1
B,34,24,34,8
B,34,24,36,0
D,36,29,34,0
EE,34,24,34,3
C,34,24,34,1
DD,32,24,36,0
B,34,24,34,68
C,34,24,34,1
B,32,23,34,1380
B,32,23,33,4
B,34,29,37,20
A,32,21,,0
D,32,24,32,3
B,32,24,36,0
C,34,23,34,1
A,34,23,37,0
B,34,26,34,42
DD,34,24,35,5
B,32,24,35,4
DD,34,29,41,3
C,37,24,35,1
DD,36,24,36,1
B,32,24,34,0
C,34,24,35,6
A,34,26,34,64
C,36,25,36,1
C,36,24,35,0
DDD,39,24,36,8
D,36,25,34,62
H,30,24,34,1
C,36,24,34,36
A,36,25,32,4
B,34,28,38,0
C,35,24,36,1
B,34,26,34,2
D,36,24,36,39
D,38,25,35,4
C,37,25,37,31
C,36,28,36,0
D,34,24,36,2
C,35,26,37,1
B,34,24,36,0
B,34,26,36,260
B,36,18,35,5
D,36,27,34,9
B,34,24,33,1
D,35,25,34,1
C,34,24,36,0
C,34,25,36,1
B,34,23,33,1
B,34,24,36,94
B,34,25,34,0
DDD,32,22,31,4
C,34,24,34,0
DD,36,23,36,3
A,33,24,34,1
C,36,25,35,5
C,36,28,36,0
B,34,27,35,0
DD,32,25,34,3
DD,34,26,38,17
B,34,24,35,1
D,36,25,35,16
DD,34,22,34,0
G,26,25,30,7
D,34,24,36,0
B,34,26,36,46
C,36,26,37,37
D,42,37,46,19
C,34,24,34,17
B,32,24,34,1
C,34,25,34,0
G,35,26,35,7
C,36,23,34,1
B,34,28,35,92
A,36,24,36,4
D,32,24,35,4
C,34,25,34,1
B,34,24,32,177
A,36,24,33,8
D,36,28,38,9
B,32,28,34,1
B,32,24,33,25
H,38,25,35,2
G,41,23,41,36
DD,37,24,35,6
B,32,24,34,185
C,32,25,34,3
D,34,25,35,1
C,36,25,35,65
C,36,23,36,0
B,36,28,39,0
B,34,24,35,5
B,34,24,34,1
B,34,25,36,0
B,34,24,34,11
C,34,26,36,425
C,32,26,35,1
DD,32,27,39,1
D,36,25,36,0
B,36,26,35,4
B,34,25,35,1
B,34,26,35,0
B,32,24,35,1
D,34,24,34,0
D,34,26,30,44
D,34,26,36,1
B,34,24,32,18
A,35,23,34,0
B,34,24,34,69
A,32,24,32,1
C,32,22,34,0
B,34,26,36,0
B,30,26,35,27
D,32,25,37,3
C,34,24,35,5
A,30,24,33,0
B,35,24,35,96
B,34,24,34,0
B,34,23,33,212
DD,38,23,34,1
DD,36,23,34,50
DDD,34,23,34,3
C,34,23,33,25
B,32,23,33,1
B,32,25,33,10
B,36,26,36,1
C,34,24,34,4
DD,34,22,34,23
DD,32,25,35,2
D,34,22,34,1
B,34,24,34,0
C,36,24,33,0
C,34,23,34,2
C,34,25,35,1
D,36,25,36,16
A,34,23,34,1
C,32,24,34,2
B,34,25,36,0
B,32,24,34,1
B,33,24,34,12
C,34,24,34,3
D,34,24,35,26
C,34,24,36,0
DD,34,27,36,0
C,39,29,39,35
C,34,26,36,12
A,36,25,36,0
C,34,25,35,0
C,34,25,37,0
D,38,23,37,1
C,35,24,34,3
B,34,24,32,131
C,34,24,34,6
B,32,24,34,193
H,42,26,36,7
B,35,24,35,8
D,32,25,36,5
D,34,25,36,5
A,34,25,34,0
B,34,26,34,186
C,34,32,34,25
B,34,24,35,2
C,34,25,35,1
D,34,26,36,1
DD,34,27,30,64
B,34,23,33,30
A,32,23,33,4
C,34,24,35,0
B,34,24,34,0
C,38,25,35,0
C,34,24,34,2
A,34,27,37,2
B,34,24,34,0
D,36,26,36,0
D,36,23,36,8
C,35,25,34,1
B,38,25,37,3
B,30,20,20,141
C,34,24,34,4
C,34,24,35,2
C,35,25,36,16
FF,34,25,36,0
B,34,23,33,35
D,32,24,36,0
B,34,23,34,1
B,34,25,35,0
B,34,24,35,13
B,34,21,34,9
C,34,27,40,11
A,34,28,34,16
G,32,24,36,10
C,35,22,34,0
C,34,64,89,0
D,34,23,38,4
B,36,28,39,1
C,34,24,34,38
DD,39,24,36,0
B,34,22,34,0
C,36,24,36,11
AA,36,24,33,1
D,36,24,34,4
C,35,24,36,2
DD,36,25,36,80
C,35,24,36,54
B,34,23,35,93
D,32,25,34,2
A,34,25,35,0
B,34,25,35,107
C,34,26,34,1
D,36,31,38,1
C,35,25,35,34
B,34,26,35,19
C,36,23,34,0
B,34,24,35,0
C,34,26,34,70
B,36,25,36,100
A,35,27,35,6
C,34,34,24,2
C,36,26,36,8
D,39,26,37,10
B,32,25,32,8
J,59,30,40,8
C,38,26,37,79
A,30,23,33,65
C,34,24,35,2
A,35,25,35,0
D,38,22,34,1
B,34,24,35,44
D,34,28,36,1
C,35,25,37,2
C,34,24,34,0
B,34,25,35,1
B,32,24,34,4
C,36,26,36,2
B,34,23,34,45
B,32,24,34,0
B,35,25,34,2
C,36,25,40,0
B,34,23,35,32
C,32,23,33,13
D,38,37,34,77
B,36,27,35,44
B,32,23,34,1
B,32,24,34,1
B,34,24,36,1
DD,34,22,26,5
C,34,24,35,0
D,36,22,32,1
B,32,25,34,4
B,34,25,35,15
B,33,22,34,1
B,34,25,35,7
B,36,27,35,23
D,34,25,33,22
B,38,26,36,13
B,34,24,35,22
D,34,25,34,4
C,34,22,34,1
DD,36,23,35,4
B,32,24,34,0
B,34,24,34,24
C,32,28,32,0
B,34,25,35,2
DD,36,28,36,0
D,32,24,32,0
C,34,25,34,12
DDD,36,25,35,1
B,34,26,34,38
B,34,23,34,13
B,35,27,35,872
B,34,24,35,73
C,34,26,34,5
C,34,24,34,1
C,34,24,34,0
C,39,29,39,1
A,32,23,33,1
C,36,24,35,1
B,34,22,32,5
B,32,29,32,1
D,34,25,35,0
C,35,24,34,4
B,34,25,37,1
D,36,27,37,1
D,34,23,34,1
D,36,23,34,6
C,34,25,35,1
HH,34,24,38,4
B,34,23,34,1
B,32,24,35,1
B,30,23,32,2
D,34,25,36,1
B,34,24,36,1
C,32,23,35,9
E,45,38,52,1
C,34,24,34,14
C,34,23,34,0
B,34,24,36,0
D,36,24,32,10
D,32,24,33,0
B,34,27,36,102
C,35,24,34,1
C,37,28,36,27
D,36,27,38,1
C,32,24,32,0
C,37,24,37,1
C,36,24,34,51
C,34,24,35,2
B,32,23,35,189
C,34,23,33,53
C,36,25,36,11
E,31,25,31,3
B,34,24,33,25
B,34,24,34,10
B,32,25,37,0
B,34,26,32,0
A,34,23,34,9
C,34,26,34,31
B,32,24,35,2
A,34,24,33,1
D,36,24,35,0
C,37,26,37,1
C,34,22,33,198
C,36,28,35,1
C,34,22,40,19
B,34,23,34,0
C,34,23,34,0
C,34,24,34,26
B,32,25,34,0
C,34,24,35,82
