34 100.0
35 69.1098339056
33 66.2970431694
36 34.4869112667
32 27.3080610351
37 18.2585821759
31 13.5935810189
38 5.13679060388
30 4.86760143001
39 2.97808233411
29 2.45387183762
40 1.38608811459
41 0.755146471969
42 0.321137961813
43 0.186071113168
28 0.159152195781
27 0.136011372062
44 0.101536267338
47 0.0779231819105
48 0.0769786584934
26 0.073200564825
45 0.0637553306541
59 0.0557268816087
49 0.0505320028147
24 0.0476984325634
25 0.0472261708548
46 0.0467539091463
60 0.0420312920608
54 0.0406145069352
53 0.0330583195984
23 0.0306970110557
50 0.0283357025129
55 0.0269189173873
58 0.0231408237189
56 0.0198349917591
65 0.0188904683419
51 0.014640112965
52 0.0141678512565
66 0.0118065427137
57 0.00991749587953
61 0.00944523417098
64 0.00944523417096
76 0.00944523417096
22 0.00802844904532
67 0.00472261708549
77 0.00472261708548
75 0.00472261708548
73 0.00283357025129
68 0.00236130854274
74 0.00141678512565
72 0.00141678512565
99 0.0
98 0.0
97 0.0
96 0.0
95 0.0
94 0.0
93 0.0
92 0.0
91 0.0
90 0.0
89 0.0
88 0.0
87 0.0
86 0.0
85 0.0
84 0.0
83 0.0
82 0.0
81 0.0
80 0.0
79 0.0
78 0.0
71 0.0
70 0.0
69 0.0
63 0.0
62 0.0
21 0.0
20 0.0
19 0.0
18 0.0
17 0.0
16 0.0
15 0.0
14 0.0
13 0.0
12 0.0
11 0.0
10 0.0
9 0.0
8 0.0
7 0.0
6 0.0
5 0.0
4 0.0
3 0.0
2 0.0
1 0.0
0 0.0
