4 100.0
3 60.4890144606
7 25.6261697841
6 25.6261697841
5 25.6261697841
2 23.1143378277
1 23.1143378277
13 7.86810199921
12 7.86810199921
11 7.86810199921
10 1.73336671316
9 1.73336671316
8 1.73336671316
21 0.602029016606
16 0.373138776629
15 0.373138776629
14 0.373138776629
18 0.147824946652
17 0.147824946652
20 0.123982213321
19 0.0178820499982
99 0.0
98 0.0
97 0.0
96 0.0
95 0.0
94 0.0
93 0.0
92 0.0
91 0.0
90 0.0
89 0.0
88 0.0
87 0.0
86 0.0
85 0.0
84 0.0
83 0.0
82 0.0
81 0.0
80 0.0
79 0.0
78 0.0
77 0.0
76 0.0
75 0.0
74 0.0
73 0.0
72 0.0
71 0.0
70 0.0
69 0.0
68 0.0
67 0.0
66 0.0
65 0.0
64 0.0
63 0.0
62 0.0
61 0.0
60 0.0
59 0.0
58 0.0
57 0.0
56 0.0
55 0.0
54 0.0
53 0.0
52 0.0
51 0.0
50 0.0
49 0.0
48 0.0
47 0.0
46 0.0
45 0.0
44 0.0
43 0.0
42 0.0
41 0.0
40 0.0
39 0.0
38 0.0
37 0.0
36 0.0
35 0.0
34 0.0
33 0.0
32 0.0
31 0.0
30 0.0
29 0.0
28 0.0
27 0.0
26 0.0
25 0.0
24 0.0
23 0.0
22 0.0
0 0.0
